130804
230198
333098
430156
532808
633530
709942
720063
750076
848915
948430
1046602
1152504
1251350
1351024
1420954
1438044
1465082
1566102
1669702
1778392
1865100
1968940
2079652
2132822
2139880
2190652
2289668
2389280
2489264
2593374
2693466
2802606
2840002
2858966
2903194
3008490
3127666
3209162
3310648
3412542
3522950
3570440
3558718
3623868
3740778
3833134
3942848
4023470
4134590
4215928
4265018
4273702
4359564
4446398
4564774
4691588
4748996
4855588
4955470
4970082
4992944
5087304
5181598
5280470
5386308
5476984
5575832
5673628
5706986
5705064
5787286
5908858
6042264
6153516
6216064
6303218
6417036
6410502
6430902
6511110
6638480
6780660
6834638
6935934
7022332
7136342
7130496
7148146
7271086
7391722
7426770
7566670
7693680
7729442
7819678
7840118
7846675
7991088
8110070
8182450
8268956
8391578
8474530
8542056
8554490
8628070
8726644
8764052
8899382
8971348
9144926
9249312
9246468
9357734
9290286
9433556
9477820
9598146
9756580
9843062
9923258
9940356
9974338
10040546
10183256
10230832
10331308
10451418
10587810
10686756
10641108
10694652
10768088
10918840
11053274
11050222
11236924
11227492
11313918
11333196
11376964
11475374
11586012
11636438
11788368
12011670
11974606
12083534
12041234
12095702
12203396
12332390
12470396
12528680
12755116
12774450
12836210
12780674
12824960
12966958
13136186
13074100
13275184
13390754
13395442
13495866
13566810
13578182
13664770
13790542
13894216
14013008
14039368
14201022
14213188
14224776
14335794
14377486
14554726
14552608
14700066
14791878
14866978
14912558
14890638
15140388
15194502
15355334
15319096
15286568
15390992
15532598
15588182
15618912
15649798
15863248
16044866
15946360
16158818
16242180
16343116
16385576
16309048
16487592
16532552
16613156
16773302
16763946
16962552
17021436
16954656
17134598
17110416
17321220
17005656
17079728
17552972
17566130
17719570
17831914
17758602
17883712
17942118
18241422
18161080
17056644
18066256
18135364
18078726
17277564
17328000
18062628
18605116
18595656
18779248
19089084
19107668
19976764
19096958
19172414
19336718
19488886
19770386
19643468
19769030
19846496
19760518
19916612
19406597
18500030
20341682
20379722
20008168
20473228
20433318
20248523
20512343
20718203
20826480
20917594
21240714
20715184
20953863
21230826
21195246
21008480
21342144
21494466
21364812
21885762
21834085
21993200
20256560
22280550
21117649
22000551
22066404
22442179
22569896
20193531
17422014
21416473
22302136
21976092
22340966
22358106
23205248
23193708
23314440
23323416
22811982
23985434
23531217
22979848
23404554
23882248
23917238
23550391
22187966
24174525
23220437
24027096
23732404
23926410
22780678
23478710
23368839
23016827
22953574
23382655
22371398
23810202
22994460
23151764
22838333
23478412
24306720
25754770
24519208
20032892
20086082
19000072
20248477
25232994
25785074
25474717
25442530
25831208
25560960
24401429
24045676
24008197
23641890
23670094
22972189
23519010
23322511
23090279
23035120
23355488
23391930
23535842
23480274
23602496
23259308
23458856
23114232
23157886
23457264
23329428
23297430
23604634
23089150
23396218
23873608
22881922
22301578
23210242
22882400
23006210
25739686
25517886
25697868
26176062
25271594
24005456
25026524
25423536
24210136
23517702
24394118
24662968
25057840
24635434
24336650
25522522
25058382
25090272
24987356
23370234
24383114
24541898
23853120
24186212
24493276
24389764
24758870
24282644
24618988
24280400
24119786
24529492
24336280
23521956
23707880
24846514
23951714
18556870
20246346
24030250
23875476
23242148
24233754
24159630
24335276
24550186
24332488
24824558
24406038
23855666
24260952
23518716
23901376
24388498
21640578
24769424
26127574
23798706
23236428
24614360
21403898
25661312
24474190
20927464
22946804
21845268
25787990
25449570
25843148
24375616
25598096
25672008
25831992
25276646
25924486
25437064
25329046
24832448
20459518
25036586
25566534
25438002
24970262
24803722
24878580
25090838
25153256
25284510
25162558
25621230
25766148
25036006
25945416
25828974
25480138
25771378
25223500
25063234
25076520
25957642
25844948
25868582
25774032
25435998
25583504
25319336
25775128
25923040
25003194
26075304
26374222
25792620
25983182
25706164
25722474
25934534
26037914
25647322
24522248
26044490
25466152
25635134
25631462
25876040
26069634
26219346
26221280
26131588
25501066
24988980
23014116
24017352
