9656
9930
9912
9564
9756
9630
9582
9702
10945
9942
9860
9644
9602
9902
9920
9962
10783
9812
9878
9920
9854
9776
9752
9968
10633
9794
9926
9776
9884
9770
9926
10675
9938
10040
9836
9794
9728
9968
10849
9812
9812
9686
9818
9728
9854
10933
9644
9956
9794
9884
9776
9836
9902
10789
9668
9602
9686
9962
9896
10052
10789
9776
9770
10344
9896
9962
9728
10825
9728
9752
10118
9794
9686
10591
9686
9860
9812
9686
9752
10735
9728
9794
9836
9812
10112
9812
10615
9710
9818
9710
9752
9878
10915
9728
9710
9884
9794
9868
10895
9832
9922
9790
9724
9766
10763
9856
10024
9892
9874
9874
9988
10679
9976
9766
9724
9892
10192
11003
10054
10292
10114
9940
9808
10763
9958
9790
9850
9892
9892
9874
10679
9790
9916
10006
9766
9766
10745
9850
9790
9766
9850
9934
10000
10931
9874
9916
9766
9748
10006
10048
10745
9724
9790
9832
9808
9964
10637
9922
9964
10090
9892
9724
11313
10090
9874
9724
10006
9808
10889
9916
9874
9850
9916
9898
10883
9916
9910
9832
9832
9808
10332
10521
9940
9808
9850
10174
9832
10805
10072
9790
9892
9982
9964
10829
9724
9790
9874
10114
9964
9856
10895
9832
9790
9766
9724
9814
9724
11105
9940
10030
9808
9850
9940
11187
9748
9269
10761
9874
9934
9976
9916
10871
9922
8811
10763
9916
10006
10979
9940
8853
9766
11308
8985
10961
10763
10114
10048
9874
10961
10066
9952
9898
9808
10847
8865
10745
9724
9898
9766
9075
10943
10679
9724
9814
9880
9856
9159
12063
10829
9700
9724
10184
10126
9892
9790
10721
9874
9964
9874
9874
9766
10979
9886
8853
9784
9658
10745
10006
10829
9934
7099
11042
12799
9808
10413
7293
9814
10413
10042
9958
9982
9916
9898
10919
9033
11171
9946
9832
8961
9416
11592
9790
9724
9832
10853
10018
10413
9850
9850
9145
11742
10353
9766
7856
11844
10629
11542
9964
9856
11090
8853
10063
11192
13686
14623
10024
9958
11066
10877
10916
9332
9874
11108
12815
12189
10740
11018
11368
10608
10847
10938
14060
12192
11521
11437
9895
11956
12712
13974
12216
11024
12174
12279
13171
10111
12018
13626
13881
10800
10716
13107
14510
14865
10395
11042
11045
7548
14216
13213
9180
11437
14123
13318
9151
17219
9477
12413
13560
11544
8309
11392
11156
13365
8749
12003
9974
16183
10824
11647
6967
11174
13776
13195
12997
9985
11374
11350
9156
11237
12375
13581
14941
15857
10658
14689
13633
13668
12495
14339
9593
9243
21605
8243
15096
10545
9342
14480
11674
13258
14291
11171
12531
19929
12495
12297
12123
15007
14923
17985
11545
10252
12929
9653
12542
11755
14270
11521
11937
9180
11587
16336
7312
12626
16429
13297
15078
8201
13860
12234
13973
8527
11587
11905
17438
9979
17115
12002
13479
9153
12797
12237
12710
15264
12276
9524
13752
11671
10806
11695
9435
11671
16551
13931
13210
11716
10982
8177
17009
8755
12537
10252
15507
16315
7072
11500
8009
8764
19887
14007
8777
10881
23184
17675
