7.0
6.0
11.0
9.0
12.0
14.0
14.0
15.0
16.0
17.0
19.0
20.0
21.0
23.0
22.0
25.0
27.0
26.0
28.0
28.0
31.0
31.0
34.0
34.0
36.0
34.0
38.0
39.0
38.0
39.0
41.0
44.0
43.0
42.0
42.0
44.0
45.0
47.0
50.0
47.0
48.0
53.0
52.0
54.0
50.0
55.0
55.0
60.0
54.0
54.0
52.0
56.0
62.0
66.0
61.0
62.0
72.0
66.0
65.0
64.0
64.0
68.0
66.0
67.0
74.0
72.0
74.0
70.0
67.0
71.0
71.0
74.0
72.0
76.0
77.0
78.0
84.0
87.0
83.0
86.0
78.0
80.0
85.0
91.0
87.0
89.0
94.0
99.0
92.0
92.0
80.0
92.0
100.0
105.0
92.0
84.0
97.0
94.0
94.0
92.0
88.0
89.0
87.0
85.0
93.0
91.0
101.0
96.0
98.0
101.0
104.0
105.0
95.0
104.0
109.0
101.0
93.0
96.0
103.0
102.0
109.0
109.0
96.0
96.0
113.0
108.0
107.0
109.0
99.0
96.0
101.0
109.0
88.0
95.0
113.0
104.0
110.0
110.0
110.0
112.0
115.0
115.0
129.0
118.0
108.0
132.0
127.0
115.0
111.0
122.0
117.0
114.0
116.0
117.0
117.0
121.0
124.0
114.0
125.0
116.0
115.0
116.0
114.0
119.0
119.0
117.0
116.0
114.0
122.0
123.0
125.0
121.0
117.0
121.0
116.0
125.0
122.0
128.0
119.0
119.0
134.0
134.0
135.0
120.0
119.0
126.0
130.0
120.0
148.0
140.0
127.0
111.0
109.0
114.0
121.0
129.0
131.0
126.0
136.0
135.0
121.0
132.0
133.0
133.0
133.0
128.0
117.0
145.0
137.0
136.0
133.0
137.0
132.0
120.0
119.0
128.0
134.0
137.0
152.0
137.0
152.0
156.0
146.0
141.0
136.0
133.0
143.0
148.0
136.0
136.0
127.0
114.0
120.0
140.0
122.0
131.0
131.0
126.0
146.0
136.0
135.0
134.0
141.0
129.0
130.0
127.0
124.0
130.0
133.0
132.0
125.0
130.0
120.0
125.0
173.0
145.0
141.0
135.0
128.0
130.0
136.0
153.0
138.0
151.0
148.0
145.0
141.0
153.0
148.0
121.0
124.0
122.0
120.0
127.0
148.0
145.0
129.0
128.0
139.0
135.0
133.0
127.0
131.0
145.0
153.0
155.0
129.0
125.0
138.0
132.0
132.0
140.0
124.0
125.0
126.0
131.0
127.0
130.0
135.0
145.0
137.0
128.0
127.0
138.0
152.0
124.0
122.0
129.0
127.0
125.0
128.0
141.0
149.0
122.0
128.0
128.0
134.0
132.0
133.0
141.0
135.0
145.0
135.0
136.0
152.0
138.0
147.0
135.0
140.0
142.0
147.0
149.0
144.0
155.0
146.0
143.0
135.0
133.0
148.0
135.0
135.0
143.0
138.0
140.0
139.0
140.0
139.0
137.0
138.0
134.0
137.0
140.0
141.0
139.0
137.0
139.0
137.0
136.0
141.0
141.0
146.0
148.0
145.0
148.0
148.0
158.0
162.0
165.0
174.0
159.0
160.0
170.0
173.0
168.0
163.0
165.0
173.0
173.0
166.0
169.0
167.0
178.0
173.0
167.0
165.0
178.0
170.0
176.0
172.0
171.0
175.0
172.0
166.0
175.0
182.0
174.0
176.0
174.0
170.0
177.0
181.0
172.0
158.0
164.0
162.0
162.0
171.0
166.0
171.0
171.0
160.0
156.0
160.0
158.0
167.0
162.0
161.0
169.0
164.0
155.0
154.0
158.0
161.0
161.0
158.0
165.0
171.0
166.0
154.0
157.0
164.0
161.0
167.0
172.0
178.0
181.0
173.0
162.0
163.0
168.0
163.0
168.0
172.0
179.0
180.0
173.0
169.0
171.0
176.0
169.0
172.0
173.0
176.0
182.0
170.0
164.0
168.0
166.0
170.0
178.0
176.0
182.0
178.0
171.0
172.0
174.0
176.0
180.0
181.0
175.0
185.0
185.0
176.0
176.0
176.0
177.0
182.0
184.0
183.0
186.0
185.0
176.0
173.0
176.0
184.0
180.0
186.0
190.0
188.0
182.0
185.0
185.0
180.0
