29411
28404
28870
29767
28794
28776
29677
28728
29593
28728
29833
28686
29124
29785
28794
28962
29635
28794
30077
28950
29593
29875
28722
30061
28644
28710
29899
29785
28830
29701
28554
30285
29274
29883
27987
30798
28992
30201
29118
30051
29310
29991
28926
30051
28992
30009
29178
29052
29907
28926
29841
28992
29190
29865
28884
29949
29058
30033
29124
29433
29766
29452
30435
29166
30081
29232
29883
27951
29907
31065
29058
30039
29967
27096
29229
31770
28035
27054
30057
30099
26187
26295
35709
29142
30015
28143
30141
30093
28245
30225
28401
29010
29208
29919
29841
28233
26013
32664
28641
29100
32949
29490
34920
29163
32703
31878
30816
30186
32755
33150
30834
25989
35160
31029
33267
33567
33243
35247
31731
34485
30480
37203
28854
36957
29598
32415
33960
32397
37053
29589
33855
35877
36540
37935
28719
25911
44562
31149
38754
37932
36933
38106
30807
37566
30612
36417
24117
35634
33219
30723
37308
35049
33111
33069
33273
39882
36438
24384
54387
26916
35046
86617
35373
48855
49107
73857
39024
24657
49977
49548
38739
26622
22587
30777
17604
26292
34608
