441724
744368
1048386
1347836
1649924
1951417
2142724
2160426
2301487
2601136
2899861
3202358
3509324
3822373
4123516
4281850
4287675
4483462
4776501
5097792
5434621
5672551
6011634
6288101
6428898
6417185
6682274
6967757
7353904
7540533
7898279
8137561
8433846
8641249
8604896
8805557
9111334
9435761
9755618
10065673
10340194
10599197
10671556
10774128
11003039
11278275
11598086
11884718
12167011
12571198
12749889
12725428
12887646
13183155
13471822
13774967
14050970
14277021
14738438
14839846
14969349
15031346
15313809
15626358
15925994
16280983
16441110
16800388
17019237
17048171
17291349
17556882
17672587
17470539
17022148
17710475
18470612
19040034
18976899
19024621
17850531
17663789
20063632
20643708
20167333
20792993
21241632
21136143
21144963
21727169
21873443
22177645
22814233
22897927
23196749
23377340
22637698
22981430
23386257
23229769
23206432
23477061
23225741
23397000
23398850
23397098
23407828
23110095
23369003
23325825
23210507
21501631
23999631
24383023
23871121
23954193
23082328
24881578
25139074
24218535
25696181
25625716
25998623
25830798
25398281
25825123
25535716
25696935
25604183
25537692
25730066
25636821
25819706
25728881
25715374
25247081
23773660
24425806
24496293
24616494
24466273
24539879
24752224
24584611
24591709
24405151
23861014
24300709
24063027
24572365
24164105
24291133
24267936
24862945
24409452
24927412
23999494
25708084
25206047
25214571
24791378
24441133
25752223
25436953
25862925
24969973
25635318
26266787
25984617
25007340
25248051
25963056
25005835
22947474
24976046
24152317
25008303
