12.0
16.0
21.0
24.0
27.0
33.0
35.0
38.0
38.0
41.0
45.0
48.0
53.0
58.0
59.0
58.0
59.0
63.0
68.0
75.0
82.0
78.0
77.0
82.0
86.0
80.0
80.0
86.0
94.0
102.0
98.0
93.0
100.0
98.0
104.0
94.0
125.0
101.0
101.0
107.0
112.0
111.0
113.0
109.0
105.0
113.0
109.0
101.0
114.0
118.0
112.0
117.0
121.0
130.0
124.0
123.0
119.0
129.0
126.0
124.0
130.0
124.0
140.0
136.0
137.0
129.0
131.0
143.0
124.0
125.0
152.0
129.0
134.0
130.0
108.0
133.0
152.0
152.0
149.0
139.0
134.0
123.0
147.0
162.0
149.0
133.0
137.0
145.0
152.0
156.0
159.0
154.0
145.0
150.0
146.0
140.0
132.0
131.0
131.0
128.0
130.0
140.0
137.0
138.0
139.0
138.0
138.0
140.0
141.0
144.0
145.0
142.0
144.0
146.0
142.0
149.0
152.0
147.0
154.0
160.0
150.0
152.0
156.0
151.0
152.0
157.0
156.0
153.0
162.0
161.0
163.0
160.0
164.0
165.0
164.0
165.0
170.0
171.0
172.0
173.0
172.0
174.0
171.0
172.0
175.0
180.0
171.0
178.0
177.0
178.0
185.0
179.0
180.0
180.0
183.0
185.0
182.0
180.0
184.0
183.0
178.0
164.0
177.0
180.0
181.0
180.0
179.0
186.0
183.0
176.0
175.0
188.0
193.0
193.0
192.0
182.0
191.0
