726896
1229496
1728320
2253261
2733937
3232860
3558245
3602020
3828795
4319827
4821358
5317369
5863793
6341031
6837150
7145849
7196980
7473450
7982244
8451232
8973223
9420871
10007383
10475419
10663000
10719775
11080947
11477082
12126887
12638265
13122227
13562329
14195071
14177968
14304031
14595071
15280097
15614526
16101509
16752943
17059789
17718773
17747184
17671961
17853962
17404422
18063656
17595356
17405452
19018668
20969648
21585318
21626054
21441414
22372330
22852320
23482564
23783364
24286570
24549134
24262622
24294562
23837440
24260690
24244996
24573410
24579188
24846730
25557712
25207927
24417426
24338849
25339849
25988878
23669875
24634964
24771691
24452783
24414110
24361548
24137116
24821257
23506431
24818638
25728936
25006483
25597957
25802870
25897356
25893846
25481004
25465684
25532731
25217174
25186162
24180919
24712145
24875900
25231237
24448516
24579744
23793370
25336941
25171651
23852826
23671417
25237305
25292150
25176845
24738298
24817644
25502255
23764429
24133163
22887835
24908392
23867996
22244956
20012934
26305918
25927179
23875858
25328360
25387102
26298304
26299986
25836406
26136316
26284462
25157156
24293430
25501560
25540290
24886062
25823048
26418960
26080468
24702210
24117450
24414095
23158240
23852538
25160027
21288955
25086912
24155889
23928256
23576720
22639973
23548334
23958404
23922583
24125326
23541803
24624893
24298841
23799037
23746363
24300885
23703916
23228352
25072355
24594369
24397955
25108324
24366699
24448215
25542192
23124049
23846549
23327534
23672702
21000310
22349364
25518712
25598674
26244219
26170013
25692650
25153319
24672591
24228995
25666045
26058774
26299503
26575667
26270629
25909548
26504456
25690022
25043955
25624140
25745701
25994142
25651312
25468204
23702264
21513818
22890108
22794542
22347096
25168216
26592780
26351719
