49124
48277
47390
48393
47516
48399
48441
47510
48309
47522
48375
48441
47450
48435
48375
47474
48549
48309
48433
48993
48951
48891
47832
48741
48759
48843
47832
48801
48975
48933
48867
48801
48777
47682
47748
49752
47850
48825
48861
48717
45714
49752
48142
47724
48972
46965
50094
48069
50595
61632
54159
47892
49668
46857
50229
47724
48024
49818
48741
46086
49650
47010
51177
52338
57243
49848
53721
52104
49899
51783
52215
53154
59688
35940
57036
55863
55041
44952
57759
59364
53316
43047
65571
55383
54630
51231
54609
62460
44367
44526
56163
74325
59604
71127
60990
73956
82692
61684
55107
101112
39735
27678
26766
26184
19866
65310
48549
42867
64878
40122
19116
55848
82215
58302
39648
24081
22485
5736
44073
37623
42246
76380
94746
54933
68268
46218
36888
70137
49623
84726
81786
109878
69408
90522
46731
17625
42147
69933
88575
113415
56286
31134
22003
60639
35088
86328
50055
124140
97941
37002
39420
60609
26640
43251
53181
40983
36231
57579
69174
40845
31353
47142
66372
50280
51555
81186
78408
48570
70215
38991
71601
111720
46290
64587
61845
53070
32229
25818
109095
99507
67836
63417
67752
56199
33270
19911
32829
49752
69615
40065
78853
35934
44430
17052
26997
18774
32445
79299
43692
29841
44319
50637
61875
32334
