15.0
21.0
29.0
34.0
38.0
43.0
45.0
45.0
48.0
55.0
53.0
72.0
84.0
91.0
95.0
84.0
79.0
90.0
95.0
103.0
105.0
102.0
104.0
103.0
115.0
110.0
105.0
116.0
115.0
123.0
125.0
122.0
135.0
131.0
124.0
118.0
141.0
125.0
118.0
133.0
132.0
126.0
123.0
128.0
116.0
113.0
119.0
129.0
114.0
124.0
153.0
162.0
147.0
135.0
149.0
133.0
133.0
151.0
153.0
137.0
130.0
130.0
130.0
136.0
141.0
138.0
138.0
149.0
146.0
151.0
147.0
147.0
171.0
183.0
165.0
171.0
174.0
174.0
174.0
174.0
180.0
173.0
162.0
165.0
170.0
176.0
173.0
176.0
178.0
183.0
174.0
175.0
186.0
186.0
186.0
184.0
182.0
184.0
181.0
181.0
186.0
181.0
179.0
150.0
156.0
174.0
189.0
188.0
188.0
191.0
195.0
187.0
183.0
172.0
177.0
179.0
180.0
183.0
180.0
184.0
177.0
174.0
174.0
177.0
181.0
186.0
184.0
182.0
182.0
174.0
172.0
168.0
174.0
174.0
184.0
187.0
180.0
179.0
167.0
167.0
175.0
178.0
184.0
179.0
184.0
182.0
188.0
176.0
177.0
185.0
187.0
184.0
185.0
189.0
183.0
181.0
180.0
180.0
182.0
187.0
182.0
187.0
191.0
188.0
185.0
180.0
182.0
187.0
186.0
182.0
179.0
178.0
181.0
187.0
180.0
185.0
188.0
189.0
178.0
182.0
181.0
184.0
180.0
182.0
186.0
187.0
183.0
180.0
176.0
175.0
171.0
177.0
181.0
182.0
188.0
182.0
181.0
168.0
174.0
174.0
184.0
189.0
182.0
188.0
