1058783
1758902
2471055
3172843
3886921
4561552
4996503
5032245
5397005
6101727
6811895
7529697
8253344
8995944
9645623
10018365
10027325
10407075
11142241
11896237
12638134
13376001
13994141
14815701
14943357
14957348
15379150
16224810
16925596
17541887
18382937
19027069
19568830
17321053
17075734
17935003
20224659
21828394
20896850
23413648
24058098
24638734
24426554
24204428
24116708
24231616
24054050
24262936
21201903
24351467
25713441
25639979
25413807
24977409
25599385
25612286
25733095
25684427
25790376
25945784
25620916
24797264
25400867
24427331
24551492
25093157
24613463
20523968
24940576
25635426
25082728
25644653
25609212
25600126
25303782
25845684
23389992
25377698
24551875
26010322
26207410
24853574
24931434
25161062
24799754
25345171
25280949
25943081
25564948
25267836
26546351
26342872
25423226
24298062
24518518
25850984
26238034
26425698
26277366
26389156
25541124
25846928
24862776
23512273
25783239
25468527
25504375
25502595
25343455
25029818
25133099
24636767
21803442
24903408
25391606
25674869
25141165
25089897
23604392
24068392
23529860
24622229
24410894
25174530
25923034
25378857
23428751
24060283
24660798
25910637
25514259
24958148
26284300
26030840
23719310
23757527
24564488
25824715
26381662
26678094
25570582
26243655
23837423
24879950
25162364
25571209
25971508
26287512
26584990
26480460
26090444
24802372
20952724
24862766
25829244
26336585
26670484
25906959
24997941
23740559
22817828
22005856
23797875
24451954
25064897
24923140
25214829
24425921
23559967
21500468
24129632
23684888
24452700
24759642
24887008
23157864
23246921
23462954
24262214
23174590
25192263
24265732
24720934
25049668
23206477
23294684
24070508
24481268
24741862
22818786
24213646
24464796
23901970
25058498
23423964
24586658
24925724
23624892
26154162
26276502
24519684
24120576
19337958
25606714
25381672
25809090
25723956
24643398
23998976
24735638
25065536
23113398
24507698
25546212
25904424
26292522
24972004
25078187
24183395
26081669
25847625
26302287
25969728
25754381
26417792
25906255
25744739
24926798
