22.0
31.0
39.0
49.0
56.0
64.0
65.0
64.0
66.0
77.0
89.0
106.0
117.0
108.0
101.0
112.0
101.0
106.0
103.0
115.0
125.0
119.0
124.0
122.0
126.0
142.0
125.0
135.0
139.0
133.0
137.0
138.0
135.0
117.0
117.0
144.0
159.0
146.0
138.0
137.0
139.0
136.0
129.0
132.0
133.0
138.0
143.0
144.0
155.0
145.0
153.0
145.0
153.0
149.0
151.0
156.0
156.0
166.0
163.0
169.0
171.0
163.0
174.0
183.0
177.0
179.0
175.0
178.0
186.0
179.0
177.0
181.0
185.0
177.0
175.0
181.0
192.0
183.0
178.0
177.0
183.0
182.0
179.0
181.0
176.0
175.0
169.0
179.0
180.0
183.0
180.0
185.0
176.0
168.0
169.0
172.0
174.0
178.0
177.0
174.0
178.0
172.0
176.0
165.0
181.0
184.0
190.0
190.0
191.0
191.0
185.0
179.0
183.0
184.0
183.0
191.0
186.0
180.0
176.0
168.0
177.0
179.0
190.0
188.0
183.0
184.0
173.0
168.0
172.0
183.0
187.0
185.0
189.0
190.0
184.0
167.0
174.0
182.0
191.0
190.0
185.0
184.0
178.0
168.0
176.0
174.0
179.0
183.0
192.0
184.0
187.0
181.0
178.0
175.0
184.0
187.0
186.0
186.0
185.0
184.0
170.0
169.0
173.0
173.0
183.0
181.0
183.0
179.0
174.0
168.0
166.0
171.0
176.0
177.0
179.0
177.0
178.0
168.0
175.0
175.0
188.0
191.0
189.0
184.0
179.0
176.0
176.0
186.0
184.0
182.0
187.0
182.0
177.0
185.0
180.0
177.0
186.0
185.0
185.0
188.0
181.0
175.0
163.0
178.0
187.0
188.0
187.0
190.0
183.0
189.0
186.0
175.0
185.0
184.0
190.0
193.0
183.0
179.0
177.0
184.0
185.0
182.0
182.0
185.0
191.0
186.0
180.0
178.0
