67242
67259
67629
67253
67337
66310
67367
67127
67301
67343
67103
67229
66226
68824
67803
68712
67827
67713
66918
67779
68880
67887
68754
67845
68007
66069
67869
68646
66507
69507
67821
67845
64299
65619
69000
74310
69657
71847
63843
73422
67845
66852
64818
70392
70332
68664
76152
71142
61911
84021
76611
88639
78594
76170
74079
68934
74325
86673
75795
75000
86625
84078
73017
67176
66843
77187
112704
84363
97401
99237
92331
55902
41430
114054
103260
94002
47394
45405
98613
87819
66444
36429
92631
43116
56142
57573
136476
66219
61359
52428
65907
37674
55170
107436
85806
85398
104916
74868
57213
66049
64455
90903
103047
195828
44064
50469
52539
26472
35148
15009
63021
87816
67863
51657
36498
23730
15336
22062
44787
31806
24747
44787
28056
31332
58650
31329
107757
111702
99882
55911
56976
37905
41754
20799
44013
105855
82356
53400
47217
47478
17517
20997
63891
94932
65613
103728
85434
66612
16773
43882
27240
20595
46383
92583
35913
28878
23844
27411
49263
19143
19182
73794
67248
43119
34401
13029
13998
18525
27372
70758
107373
51822
26637
28695
17475
11055
126
74808
72330
49002
12903
12237
3753
24447
42585
58734
68505
25848
20640
31482
13590
20889
25549
36129
46545
41571
20799
64314
64371
42327
57807
60825
240975
64125
28092
11757
25257
15057
24414
29916
26517
37758
43365
52731
26295
20628
76194
56487
32544
24042
9576
23046
34674
71799
33786
39162
35748
72141
