24.0
39.0
49.0
59.0
72.0
83.0
76.0
82.0
79.0
108.0
114.0
117.0
114.0
92.0
89.0
86.0
71.0
80.0
116.0
116.0
119.0
115.0
114.0
116.0
102.0
93.0
110.0
116.0
96.0
95.0
101.0
103.0
105.0
114.0
97.0
101.0
116.0
118.0
134.0
135.0
123.0
128.0
138.0
143.0
141.0
138.0
149.0
157.0
165.0
159.0
160.0
160.0
158.0
155.0
166.0
176.0
182.0
176.0
175.0
171.0
170.0
172.0
180.0
178.0
183.0
183.0
180.0
186.0
177.0
179.0
177.0
181.0
182.0
184.0
176.0
184.0
179.0
170.0
172.0
168.0
175.0
177.0
178.0
181.0
172.0
173.0
175.0
179.0
181.0
175.0
176.0
189.0
181.0
177.0
177.0
181.0
188.0
178.0
177.0
174.0
177.0
172.0
169.0
173.0
184.0
185.0
181.0
176.0
169.0
176.0
166.0
177.0
187.0
182.0
186.0
185.0
176.0
170.0
164.0
171.0
169.0
177.0
177.0
173.0
175.0
173.0
177.0
167.0
174.0
179.0
194.0
191.0
185.0
181.0
179.0
170.0
177.0
177.0
186.0
194.0
198.0
183.0
177.0
176.0
189.0
183.0
187.0
184.0
194.0
189.0
188.0
179.0
174.0
184.0
183.0
193.0
189.0
177.0
169.0
175.0
178.0
172.0
179.0
184.0
183.0
179.0
180.0
175.0
182.0
178.0
179.0
187.0
185.0
182.0
185.0
162.0
168.0
181.0
182.0
185.0
181.0
185.0
