87109
86641
86683
86749
86881
86773
87584
87758
85794
86617
87960
87261
87459
719479
186382
701706
697863
200907
217140
173036
165079
198003
223866
162591
16530
146715
174939
85336
57447
29457
55365
51267
18720
88086
51786
119262
85623
91737
85085
84645
88038
98088
79704
99141
84015
88623
86226
89784
89877
101592
96936
95088
105162
97455
90003
107667
70290
71190
144210
137202
153735
129945
64143
68589
57699
45672
69822
43371
99750
88398
75354
81087
65652
67197
116355
57120
57243
124836
73491
108198
90682
89019
50073
58104
65763
110241
127554
42930
60468
111447
74148
117747
93333
130683
119802
76620
30009
80580
91236
100764
88398
121659
148893
103227
68199
56988
46950
97473
151170
122415
176283
107553
50910
63717
44100
34239
45450
102552
134388
73794
101961
78807
48588
44175
63750
57426
35706
72970
57465
29892
23250
12234
7509
36861
45645
88776
92634
64650
34632
34488
5958
32919
35904
60267
37230
69564
46332
90981
90006
30387
56913
86316
107370
70458
80859
50850
39180
84447
180123
128313
83031
115179
61560
26742
19302
20670
23700
61134
83652
120936
40270
36180
31944
39060
42363
168036
121011
63069
20598
52248
19782
29259
