1182113
2076820
2986501
3896484
4789848
5694394
6419775
6461361
6769574
7698390
8565100
9465353
10429172
11367045
12121139
12835617
12854100
12979086
13747729
14868072
15649705
16491878
17245992
17703096
17420993
15482493
16343889
17574649
18110697
18253498
17663089
18328589
18935324
18809728
16295502
18006788
20087447
24085113
25262730
26147051
24915113
25424496
24952651
24993768
24035343
25793005
25633914
25827849
26456479
26154599
25719562
25909740
25920352
25453042
26497934
26078449
26113591
26553725
25677266
25930968
25485606
23929950
24909577
23648256
24542582
24692120
24687489
24714344
25030851
24197631
24553605
24502050
23658791
24031893
25114813
24221141
24211513
25145938
23300268
26248695
26198118
25953655
26618906
25436422
25104760
25244545
25444562
25736223
26068990
25348231
25973695
25827976
26056370
25987715
24831667
26405700
26009623
25989621
25642860
25332651
25908045
24933743
22727803
25551868
26056304
25799895
25676497
24309993
24917122
25356753
23309365
23614025
18464290
23414273
25087026
24945332
22848452
22750695
23902116
23524164
23242483
24324022
20148775
22263871
25673130
25247242
23541795
23861863
24586948
23637858
24784567
25498114
25108277
24759678
24494174
24147041
24742503
24314167
25022696
23929268
25724014
23819368
23581686
22236073
24221369
24787488
25145950
26327521
24681116
24475771
24693798
18776314
20887868
25726481
26158662
26485099
25994507
25675038
22481938
25116465
22444948
23202885
25364107
25911589
26034340
25254061
24869649
22632045
25756612
26260785
23741537
25396874
26113401
26456333
25918308
22465990
24618225
25652698
25486792
24661580
24917418
25172957
