27.0
35.0
48.0
59.0
64.0
72.0
90.0
109.0
100.0
105.0
98.0
108.0
113.0
114.0
124.0
114.0
107.0
93.0
103.0
130.0
108.0
119.0
103.0
111.0
133.0
153.0
150.0
169.0
160.0
186.0
172.0
157.0
178.0
192.0
167.0
170.0
163.0
185.0
176.0
167.0
170.0
175.0
170.0
171.0
172.0
173.0
180.0
174.0
168.0
178.0
182.0
173.0
171.0
167.0
190.0
171.0
166.0
170.0
172.0
171.0
174.0
168.0
177.0
173.0
172.0
166.0
170.0
182.0
178.0
184.0
176.0
165.0
166.0
166.0
167.0
163.0
170.0
172.0
167.0
169.0
175.0
172.0
170.0
158.0
175.0
185.0
177.0
179.0
179.0
178.0
182.0
172.0
172.0
177.0
167.0
169.0
173.0
189.0
182.0
178.0
176.0
178.0
174.0
172.0
181.0
175.0
172.0
174.0
168.0
174.0
175.0
186.0
185.0
183.0
178.0
175.0
180.0
180.0
179.0
182.0
185.0
182.0
181.0
185.0
176.0
178.0
179.0
183.0
183.0
188.0
180.0
184.0
176.0
176.0
176.0
177.0
183.0
188.0
173.0
179.0
182.0
184.0
183.0
185.0
167.0
179.0
169.0
173.0
172.0
166.0
184.0
182.0
186.0
188.0
174.0
170.0
179.0
169.0
178.0
181.0
192.0
