1318139
2327208
3328723
4363944
5333070
6362576
7139446
7206298
7593170
8543895
9557514
10530150
11513355
10235732
13568074
13723312
13999921
13357466
14230815
14737067
11553315
11458451
10151604
10965897
18518827
19289260
19608192
20509306
21306266
21662486
18605730
20370066
22091602
19278580
20470316
20881176
25917872
18535108
20985703
26687491
27622916
29238018
27979397
26805403
27473637
29510444
29997643
27907296
27697022
28107298
27984152
28773962
26906436
27197225
28433765
25504528
26122656
27080544
28530302
28675378
29104171
26330044
27139317
28210013
27576333
26805890
27162480
28518474
28549473
29274233
27570799
27516316
27190576
26766627
26443091
27642247
28444914
28041566
27895611
27530709
27789239
27582177
25686739
10624893
11089128
28087267
29208862
28736933
28692933
29636709
28639135
28588588
28397570
26933544
27904258
28697132
24476104
26049654
26057478
28203440
28679582
29147062
29613522
28381376
28753950
29406040
28880442
27620584
27295002
29716084
28007146
28007510
28657943
28911595
28612074
28846256
28072343
28560805
28676383
30240928
29337193
27726372
27509676
28624001
27945821
27808557
28897797
29781040
29042708
28359369
28513979
28972976
24212517
27181013
25817685
28784024
26675186
28772674
29141357
27096912
23411652
29128848
27863885
28897084
28350034
29859396
24812358
26448058
25718099
23988978
25516381
25776044
26365859
26210728
25065071
24951553
25475892
25286586
24075288
25298968
24852184
