97305
96065
97160
96733
97278
96465
96890
98343
96375
97986
97956
97005
95982
82884
114792
94983
98736
96180
120552
85551
95091
78735
101565
127467
171753
115446
79269
102405
85074
41127
69210
243450
131142
70087
190522
110814
174722
82924
105540
61568
115847
114617
118894
101806
132814
105095
47693
66423
146382
136728
124532
100686
154517
118408
110198
160420
261704
122008
187891
169381
149655
131955
108616
98560
160935
145618
71036
42
80621
68625
129917
286250
198718
183084
134819
225216
137141
120411
159748
176158
91817
120875
198129
198089
148723
105558
127266
141334
121848
109610
83124
154230
122924
49214
276847
123928
93826
87260
101816
67458
158995
92702
57714
131642
26675
121970
212947
29422
159582
68010
80237
80641
9082
5085
94397
139123
117326
14571
105811
115572
48471
92734
20176
43356
83936
99204
111376
94682
91007
37290
6341
47016
62799
68030
70773
62021
65686
21777
43334
48926
12053
0
42
42
129069
126232
128296
125920
165308
143920
66808
114452
69234
63168
143578
176993
77620
196307
101494
53754
36067
