41.0
55.0
71.0
86.0
108.0
102.0
116.0
124.0
126.0
131.0
131.0
130.0
151.0
135.0
155.0
149.0
135.0
141.0
143.0
131.0
138.0
142.0
149.0
156.0
169.0
169.0
174.0
172.0
168.0
165.0
160.0
171.0
166.0
165.0
169.0
174.0
182.0
165.0
167.0
171.0
168.0
173.0
172.0
176.0
174.0
179.0
176.0
175.0
182.0
171.0
163.0
169.0
178.0
178.0
171.0
167.0
180.0
173.0
171.0
169.0
180.0
181.0
173.0
175.0
178.0
179.0
170.0
183.0
181.0
180.0
177.0
183.0
175.0
171.0
179.0
174.0
189.0
175.0
189.0
187.0
171.0
164.0
170.0
163.0
169.0
175.0
181.0
177.0
179.0
167.0
174.0
176.0
176.0
168.0
179.0
181.0
169.0
159.0
174.0
172.0
176.0
182.0
182.0
177.0
180.0
179.0
172.0
173.0
179.0
179.0
184.0
176.0
166.0
166.0
174.0
169.0
180.0
178.0
186.0
175.0
179.0
171.0
167.0
177.0
181.0
181.0
184.0
183.0
182.0
177.0
171.0
180.0
178.0
180.0
183.0
185.0
182.0
177.0
178.0
170.0
171.0
177.0
177.0
175.0
179.0
178.0
176.0
171.0
177.0
178.0
177.0
174.0
181.0
186.0
177.0
177.0
189.0
187.0
181.0
179.0
188.0
177.0
180.0
178.0
181.0
