2160604
3691453
5220833
6737477
8273281
9793363
10720545
10811907
11525540
12918444
14501079
15989632
17432848
19002536
20337464
20921750
20959914
21941905
23233803
24892158
25244699
25880426
25750494
26117157
25137034
24225617
24661414
23882736
24547546
23120589
23796320
24052503
24969442
24929441
25400778
25795225
25646189
24445999
25518161
26244035
25342360
24940649
25591439
25797626
25480955
22786429
21910752
25307651
24820846
23624954
23352040
26124784
26200561
25298890
23425232
24467719
26961281
24977050
24137566
25444593
25764877
22043163
24577456
24560481
22076525
25227527
25523024
24609979
24560177
24915566
24386656
23701956
22973074
22861888
24686616
23455952
23753606
23458142
24027074
24106403
24415793
25122125
25211034
24554708
25277308
25900812
27590688
25346307
24935383
24331964
25207200
25787766
24492443
24906633
26113400
25694163
24040150
25346017
25454451
25513119
25781292
25944375
25198945
23773057
24844463
24722002
24797921
25792052
25761714
24878574
24200291
23520274
24630836
22217070
22821670
24733119
24802464
24368187
24396750
24113885
23566130
23587977
24221245
24607537
23732448
24473110
24539206
24490369
24583554
23608602
22492659
24088798
22768277
25625269
23950176
23851886
24287561
23758372
23081179
23569906
23873525
24523011
24810890
23573004
24340578
23000991
23181445
23526725
24583281
24169298
23585588
23250212
22984784
23277605
23700859
22648318
25291199
25591826
24454173
24130091
23551099
24775564
24114232
23517888
23836174
