146279
144554
144812
144554
145587
145891
146637
145770
146661
141984
144879
146721
143850
146787
132516
125406
145872
144873
138150
146995
135675
151437
153453
161871
155955
127884
160425
169806
136719
164778
235881
174060
173988
170067
180177
146826
71565
207801
158148
138612
150534
173067
162441
66069
117699
54618
61284
49347
40008
133926
214764
93894
72150
70344
135306
131250
100623
141666
127884
76254
37272
30411
90003
64974
81534
101373
118632
80610
73341
49434
62220
57729
133089
180403
110289
165372
100398
101952
65697
52152
140052
233160
194187
260907
271389
162702
143172
123540
65562
177381
100644
81918
91116
142821
88806
78006
132786
269172
105756
111978
93894
21207
23430
58314
61557
70806
97584
116847
77547
47064
49821
63075
204363
161454
113295
141813
48024
45108
17094
47599
17343
124821
159243
96660
57780
43077
41640
50163
58302
67869
127314
55671
68940
26538
36024
22581
30546
32163
41541
87291
83448
44343
42759
38793
31245
19824
22026
50550
38988
44970
17529
45921
73548
23235
56805
60309
40484
13313
47942
62205
13577
71301
51282
33461
17458
