41.0
62.0
74.0
97.0
97.0
102.0
90.0
101.0
114.0
114.0
129.0
110.0
99.0
116.0
141.0
145.0
150.0
144.0
139.0
163.0
166.0
171.0
168.0
172.0
167.0
164.0
157.0
157.0
165.0
162.0
174.0
176.0
173.0
173.0
157.0
169.0
168.0
170.0
168.0
169.0
161.0
153.0
164.0
166.0
165.0
165.0
170.0
164.0
166.0
174.0
156.0
171.0
173.0
175.0
184.0
172.0
165.0
182.0
164.0
170.0
172.0
180.0
181.0
182.0
174.0
178.0
182.0
188.0
188.0
195.0
181.0
174.0
184.0
163.0
175.0
175.0
173.0
173.0
178.0
174.0
174.0
172.0
165.0
166.0
172.0
175.0
177.0
182.0
176.0
180.0
172.0
183.0
165.0
176.0
174.0
187.0
184.0
182.0
176.0
169.0
173.0
162.0
174.0
177.0
187.0
170.0
182.0
166.0
169.0
165.0
168.0
165.0
171.0
177.0
178.0
174.0
169.0
170.0
175.0
169.0
167.0
170.0
171.0
170.0
178.0
180.0
186.0
169.0
178.0
177.0
176.0
167.0
183.0
168.0
179.0
