144009
144570
144684
144924
141138
139290
164331
148926
144723
146922
136800
140307
146784
178336
191640
134232
199179
112785
85488
142758
115956
115434
120510
235000
140204
203526
263144
289021
136473
354331
204844
149552
145302
92702
274690
184944
217110
239096
210931
235231
275472
361838
269614
201579
345314
254068
242264
240641
243270
208733
357742
146706
207139
284075
184440
194210
237024
128671
311096
217584
173241
134162
98959
82963
128225
77261
42
84
42
42
43708
139515
88672
228574
119335
93014
165963
174436
181572
174349
211998
135446
233012
89084
108911
86601
148507
88903
117232
74391
116345
65386
91051
195119
221338
91515
99819
81776
146669
168260
160776
208264
76027
86487
123491
166245
108445
220733
195107
169061
175154
193635
123930
117220
79356
121819
119933
123774
72963
192821
221973
148735
107461
148495
127422
95286
129133
194539
85478
124704
94188
116096
56458
123212
88702
