2196531
3681550
5199592
6685570
8179656
9403747
10318076
10563844
11134373
12914929
14190867
13762322
12302801
12264313
19894803
20835591
20905685
18081172
8286629
21814588
22988430
22997674
23966032
25834035
26307280
25268066
24556195
25257729
25096752
23070367
24224618
21319880
25080218
27982574
22249434
26326197
26401623
25783223
28423092
26601879
25790580
25910338
27916177
26972095
22729130
27815902
28271756
26768097
27626948
27166708
24278227
27206484
27447715
29202035
27532903
28235084
26824721
27575707
25747694
25987815
28124079
29026532
27794796
27530017
28294137
28464061
28452115
28379104
29292022
29642134
24674272
10075992
28744014
25996037
27003239
27766260
29266431
29067395
27838501
29142320
27095552
25598485
25763142
16249360
18828540
26198422
24313926
27732415
28126240
27482178
20560181
26925579
23139677
27731154
28806774
29204496
29378717
28392303
27953159
26547798
27408126
25846524
28212037
29530617
30210985
29416600
29629859
25898698
28283508
27915445
27650922
27767526
29902392
30934492
29804980
28499869
27470454
27823000
28718620
27733194
27248906
26444856
27839016
27968822
28526254
25783636
28492204
28688528
30769094
29946994
29619628
29800752
28146340
29314434
29815164
