288604
289891
288340
287658
284121
302823
290403
277041
285750
274413
277515
238953
153423
234486
288579
237973
321747
248643
180705
200244
181356
312672
315006
277896
318273
318879
344901
235200
259602
230310
167169
154923
172644
350979
187383
275190
297642
213759
228765
164721
259677
188088
182112
179874
237159
316257
137226
153333
173937
128823
254907
256731
183408
159825
228579
171678
112251
149226
180820
183621
93102
177933
126141
145824
121986
96222
120786
200892
254766
114822
118839
86280
153075
52857
44394
39333
85347
221064
120872
88392
103241
70202
63769
48155
85884
250137
188478
70651
96954
264332
117821
234223
254705
275719
348388
121280
141115
169453
157029
78998
194592
185849
353298
206351
191553
120810
130674
93531
227810
166907
206529
321240
132409
105398
91743
104239
73637
127063
232870
156460
94885
99161
49449
42974
67182
