4443635
7508818
10483019
13512991
16374964
19334604
21205570
21138776
22631877
25213652
24316439
25948255
25283363
25096121
24369280
23036918
21847219
23628959
23664277
25521569
23921047
23460663
22376530
24324381
23711208
22623918
23832774
24381167
24093799
25620850
24990563
23706594
24651272
22686617
21885757
22937021
22727922
24057843
24215685
24485231
24663301
24591171
24284476
24270137
24054200
24659260
24497855
24883668
24209937
23943573
24072864
24548326
26292510
25669055
25435482
25365547
26075643
24898154
25682298
24527278
25268852
24522896
25176573
25117576
26387177
25987062
26356737
26473851
24356484
23733143
25865917
24427449
25111600
24599165
25970620
25012706
24560345
25273432
23263755
24514430
25175010
25072000
24538848
25402163
24288916
22900269
24916511
25651946
25354136
24392066
24645888
24921585
24262969
22216950
23201149
26057734
25350988
24496288
24227327
26213986
24448533
24259384
22831182
25666966
25981919
25871628
25460552
24529391
24113163
25237916
23916127
23102986
24938997
26036696
26215576
27462772
25193192
24229508
24062514
23473521
26164840
26683851
25973136
25701593
25654101
