70.0
100.0
111.0
130.0
140.0
133.0
145.0
143.0
141.0
150.0
155.0
164.0
173.0
166.0
167.0
163.0
155.0
168.0
165.0
169.0
178.0
162.0
166.0
162.0
161.0
158.0
160.0
166.0
166.0
169.0
171.0
168.0
171.0
159.0
163.0
161.0
160.0
171.0
170.0
173.0
165.0
169.0
169.0
171.0
164.0
158.0
175.0
175.0
174.0
172.0
157.0
161.0
166.0
172.0
164.0
169.0
177.0
171.0
158.0
171.0
174.0
168.0
167.0
172.0
175.0
178.0
175.0
173.0
175.0
176.0
173.0
167.0
170.0
180.0
184.0
177.0
173.0
169.0
178.0
175.0
176.0
178.0
179.0
188.0
185.0
167.0
173.0
188.0
185.0
165.0
176.0
172.0
162.0
161.0
160.0
185.0
176.0
175.0
174.0
183.0
170.0
166.0
155.0
167.0
176.0
181.0
175.0
181.0
167.0
164.0
163.0
158.0
177.0
180.0
181.0
186.0
180.0
173.0
163.0
168.0
172.0
183.0
182.0
183.0
182.0
