286476
391116
488112
590130
685140
713758
726423
810651
906286
1006278
1106678
1210434
1310604
1400300
1423470
1441984
1527990
1622890
1726618
1829282
1922380
2025496
2120582
2134526
2144938
2238818
2343694
2456152
2546278
2649016
2754750
2838670
2842420
2864156
2981068
3081120
3171878
3262720
3383942
3480426
3539628
3567000
3586118
3685196
3807632
3914318
3984302
4098122
4188056
4279428
4263962
4325166
4411898
4512584
4604014
4724454
4802834
4907212
4955168
4961116
5041444
5140046
5262828
5356472
5469222
5558012
5625400
5686150
5703316
5747770
5839588
5962882
6046054
6142228
6246532
6344572
6427598
6427062
6468272
6572328
6670644
6770498
6878368
6979714
7066282
7108972
7095784
7168424
7285258
7426400
7512902
7561998
7704470
7770126
7805238
7822432
7876393
7991048
8133600
8198890
8291132
8400854
8502120
8492356
8533708
8619644
8753296
8804550
8947140
9048420
9116114
9200100
9213512
9252002
9332418
9452876
9631214
9696698
9735802
9836272
9875974
9913468
9941834
10038498
10223938
10265074
10390574
10472400
10603040
10639954
10648542
10803038
10688672
10891078
10999792
11046568
11209344
11258376
11382278
11326646
11416582
11366336
11437170
11799512
11856046
11851332
11879116
12027172
12119678
11998994
12008786
12155542
12433682
12612282
12633512
12482422
13036404
12831856
12817190
12834580
12713636
13195838
13220162
13235996
13226078
13091820
13840588
13532032
13419760
13627726
13858528
14038998
14189232
13957060
14176848
14270166
14240210
13913420
14012734
14375730
14426602
14706570
14718284
14862106
15253294
15087600
14831554
14919118
14888906
15094258
15236182
15305776
15593354
15903112
15943828
15432688
16279376
16131244
15868164
15884346
15882926
16412308
16410414
16562832
16350042
16694946
16778460
16408016
16557758
16597412
16832078
16930850
16910314
15960476
16200128
15558304
16900516
16266002
17151114
16463592
18038748
17818614
18578866
17925910
15853826
16327942
17875590
16375208
17875584
18539468
18101528
19613450
19272160
16656004
17319290
17943416
17426776
17955324
19585882
19093188
20909336
19202236
16117962
17332606
19152796
17926829
18991676
19593228
19505107
20259458
19648827
17395568
17410079
18162593
19616719
21617776
21244815
18966203
17661354
18155986
19314773
19530536
19209235
20261580
21606266
21213714
22684988
18547811
17832118
18193886
19759998
21064157
21270455
20886083
22003494
19896766
16936370
15317331
16343126
19541374
22202683
20335904
19757036
17894368
18832074
20873994
16954827
17169590
18839172
18502694
20326134
21318382
23290623
22303966
