9995
10730
11178
10612
12472
11167
10612
10906
10692
11080
10304
11080
10304
11639
10758
11080
10304
11080
10304
10692
11080
10912
11901
10938
10304
11630
10692
10692
10692
10304
13545
12168
10304
11080
10692
12210
11251
11080
10304
11080
10692
10692
10692
11639
10304
11080
10566
11080
10692
10304
12247
10692
10810
11132
10692
10692
11780
13115
12622
12168
14141
12168
12350
12168
12182
10734
10734
12210
12168
10692
10692
13115
12168
10692
11038
10304
12556
10692
13115
10734
12168
12168
10692
12168
12168
11639
10346
11080
10692
10692
10304
11080
10692
11639
10692
10692
10744
10772
10498
11206
10600
11230
11947
10772
10772
10772
10380
11164
10772
11769
10422
11164
10874
10772
10772
12248
11727
12248
10772
10772
12202
11164
10772
12248
12248
11461
11164
10772
10772
12248
12248
13203
12248
10772
12248
11293
11727
10772
11856
12119
11856
11206
12248
12248
12248
10446
12640
11727
13270
10834
10772
10772
11994
9634
12368
10652
13862
10772
10772
10772
10772
11727
10772
12088
10772
10772
10772
11856
11164
10772
13549
10772
10422
10209
13203
12290
12248
11652
11856
12119
9946
11727
12290
10772
11164
10772
10772
12811
12706
10772
12248
10380
11164
10772
10772
9817
13245
11769
10772
10772
11293
13203
10772
10772
12811
11164
11293
11727
11856
10772
10772
12640
13203
8862
12632
18386
16697
7026
18094
12406
10852
8942
15183
6640
17694
18563
14622
9939
11849
12364
9107
13777
7589
18657
10852
12927
10852
10852
8942
11807
12370
15563
17089
10852
11409
11017
11244
1865
20010
16647
13711
8942
12535
12712
21251
12314
12364
7606
24320
26963
12970
10852
9897
7032
13667
12519
9495
15792
10155
15968
8844
11493
9215
16484
2814
2814
22177
28184
14082
12191
26589
12364
10068
15919
15179
14316
12933
10852
10012
6976
3848
13403
13490
12756
