459915
761418
1059625
1364932
1662828
1972930
2142150
2158360
2328158
2621598
2922272
3231854
3534754
3825158
4146384
4274730
4283248
4473666
4778808
5076602
5393792
5681172
5979770
6269548
6405016
6416940
6663740
6954264
7272952
7601872
7860028
8134535
8429654
8501510
8555546
8819858
9066556
9388800
9603332
9965356
10285328
10603782
10617730
10720960
10909430
11239342
11449394
11536724
11892590
12286440
12673226
12763130
12785924
13109672
13548190
13606652
13792548
14109356
14474632
14693872
14790550
14931014
15274616
15650528
15719952
15847470
16056234
16716970
16812990
16825030
17028630
17320066
17461746
17377046
17972096
17101212
18832262
18467542
18207930
17773402
17558856
18680070
18592959
18583812
20006051
19058612
19837077
18209827
18237579
18288042
19982181
20326151
21357322
18642802
18618244
18016168
16796006
16473161
15564787
18464687
21832570
22810441
22657985
23223904
19337192
20776995
21746899
19115822
20679121
24345507
24195897
24661221
24525702
22112605
21814334
19762855
19378353
20040889
18663813
18171176
19063721
21968298
25178600
19949831
17472332
19003952
21162930
23287623
25237898
25897595
25826666
25268122
23687438
19945204
18585762
20705486
24354200
25936658
23975467
23704404
20331996
23159888
19727744
17732040
12079978
18353062
25347452
26096334
26209610
25624976
26026820
24291174
19348246
10932834
20195470
23073772
25492282
25721976
25310418
24964548
24507876
19619738
14881230
16992978
23726316
24658482
21102210
21860130
24700548
