29714
29612
30703
30122
30804
32443
30411
31242
29632
29286
30967
29632
30579
29632
30645
29244
30020
30579
29632
29632
30579
29632
30579
29464
30062
30191
30020
30579
31108
31507
29632
29978
31219
29522
31219
30393
29914
30827
30827
29480
31261
29480
30264
29480
28875
29872
28525
27007
29872
30827
29872
31348
32303
29872
30827
28525
31782
30330
29872
30827
29872
29872
32303
31390
29872
32303
31348
31348
29872
30827
31348
31348
28959
31953
28917
27570
38767
25618
21310
27650
34329
34108
32982
27686
12320
22312
40572
15692
63632
48168
34285
19960
24558
6063
25905
16718
45958
55702
42645
38512
17547
47649
44171
8544
38149
36965
28947
20965
43779
33545
32545
32316
26401
26539
11259
73145
17720
49884
34019
24564
25713
47983
24642
46082
35537
23194
37307
21635
39083
21251
25618
25192
18244
8366
41724
54184
36652
17752
46515
77409
25163
20554
4503
13732
107649
6934
24387
12948
18378
5629
12385
3377
96475
118785
15969
2428
25021
12948
1002
13654
1875
61352
82682
11840
6100
7973
42
6839
2814
