715850
1217185
1715566
2240277
2721933
3244349
3562958
3597517
3832509
4307442
4846263
5330103
5822611
6409243
6793434
7118909
7159525
7330235
7964281
8419404
9037720
9409350
9909137
10433032
10656377
10697843
11030480
11388404
11980160
12438500
12966303
13405043
13869296
13941673
14257756
14494250
14980693
15008225
15473075
16100437
15644708
16373455
16453697
16744336
17547011
17861563
17489666
17509383
17335096
18101742
18364850
18853671
18673627
17782266
17809536
17704510
16770604
21738590
21076384
19891904
17477282
16403642
16824908
19758720
19337336
19911782
23260842
22824480
24812190
17997182
18190000
18467456
18154898
18673146
19869450
22504475
22397781
23858371
21870336
17172218
22439547
22067997
20960761
21982381
22870949
23918041
22748562
19482246
17247097
18263374
23598606
22886635
20868442
21862640
22630549
20308795
23599706
18045231
22171020
23501466
25428342
25315000
24344532
22700462
21796940
20850136
20028468
19983572
18857153
22372499
24182079
22048887
22842612
22755183
20375261
20139703
19051071
22442298
21103778
22533454
21269410
24217318
23395825
22308240
19296402
18239362
20902914
21675788
23392565
23630826
22906794
22124776
18880022
17425996
13925098
17075390
21628598
24837354
26086649
23365038
25594446
22907674
22644322
16991372
16522056
21228536
26470638
26835426
24372176
24607558
25536318
18345492
16502141
22013820
24199072
24643050
25592820
25473258
24304800
24479746
19225022
16090428
21938042
26271452
25648824
24744683
19655567
23639644
20653819
19148745
20485282
20330509
21942010
24541860
23505746
24487995
24764598
21879380
19339005
17918066
20127627
21796944
25014265
25938984
26315113
25851288
26262528
24952388
22088041
19828846
20196213
22863041
23621549
23923278
22163496
23198982
18672883
2574321
721
805
979
