49066
49411
50791
49315
48456
49701
50791
48372
49315
49519
48372
49315
50405
51177
52013
47749
49980
46764
50569
50113
49723
48772
49333
50113
50290
49723
48772
44968
51625
44968
48772
49333
49204
49723
48772
50069
48382
34513
54040
47943
33978
65793
53559
52047
50040
46041
55242
46662
50316
55242
53169
63924
47121
46512
49269
69924
51480
67338
35544
29400
37221
65457
29373
22155
28956
109038
88101
67038
51657
41196
65313
47586
49146
61899
38952
51999
62877
44493
111426
78147
25932
87822
77805
26595
67584
76057
20313
11448
201954
25953
8424
74754
30303
26418
76725
253860
38691
24153
35688
57711
18522
13473
18522
173118
154464
36474
38622
139818
18174
6732
41259
23880
4497
12954
75336
30009
141507
47133
24078
26979
74001
26937
64854
239091
107688
88647
15717
9333
26445
12351
12351
7302
12912
13707
61851
102147
48639
45957
27365
6701
23863
3110
193710
120448
44562
13221
7863
4118
10144
16299
17667
141677
137181
57582
22422
35352
15198
3936
8424
30276
196296
124506
34833
11694
29277
27909
21984
66996
51297
144072
44985
63972
106341
36378
5154
34134
38481
21318
31092
70725
153192
118608
63162
39849
37087
6084
4593
24927
33663
140742
7767
7227
3375
2157
4032
2157
55269
27145
4488
20792
6084
