979338
1685054
2388781
3100280
3796561
4532519
5004607
5044100
5319203
6017001
6735867
7475139
8178609
8834542
9508533
9935427
9976875
10332073
11040409
11800765
12537678
13042131
13753403
13995892
13451440
13892493
14678493
15469117
16606689
16972940
17489835
17595291
17667818
17943030
17877743
17974973
19529821
19750544
21143897
21770926
23053359
22721155
22080082
21524143
20006063
22137456
22891686
21663974
22893771
23928706
23807868
24899615
21586270
21181138
23986026
24679546
24445997
24653515
24838771
25092069
22308624
23316468
21130565
22389177
20551413
22062456
23461514
21121551
21325624
21229422
23462316
22597772
19021386
18542545
19299370
17292525
18303715
22697217
24716255
26503515
25302439
25923360
23368985
24814225
19951201
18429862
22859759
23002161
23864255
21409958
23483694
23085000
24453003
23087277
22033963
23421171
25245030
22745902
25119848
24749913
24364028
24593965
23929444
19491183
21221176
19766706
23153502
22755822
24083934
19399958
19919021
22636260
25311812
19637112
16045565
17424863
25643948
26605584
23594816
22211448
26102073
26660062
24623002
20016904
18869104
21547546
24625724
21442498
20828509
23069148
23012219
23712066
24228042
22805859
23451633
23048421
26649762
24257741
26170339
24578674
24905758
23812466
22090236
18087857
20510854
18015669
16003338
20452108
19015205
23556317
25072568
24905007
25558505
25135665
24460562
24936552
20760526
21728303
21142732
24077861
24273626
22139364
22884446
22233090
17704743
19507006
23423901
23011438
23942475
24946370
24922582
25334487
23646041
18228417
16920542
18043211
24089620
23214237
24042216
22519704
22743486
22748116
22132887
18281416
22864717
21211030
21516875
20353905
24785308
23598531
21491589
19175519
21326231
19358764
18475519
19293025
22742773
23527260
23778603
24451297
25481963
25132133
24449096
21126123
19316414
19849704
19474840
20891380
23690793
22043698
20947674
20481251
22736001
23613896
25549598
23853957
23543114
24898106
25232055
24441788
21419302
17981813
18238296
330
1438
