70670
67767
69136
71142
68807
68681
68681
68681
68681
70235
67732
69630
68681
69085
69249
69804
69411
69642
68856
70599
70368
69249
66835
64062
85706
70536
61593
61593
80514
68334
62550
67899
65592
78939
71838
67968
85749
37728
139617
76396
58491
59610
43311
22779
141246
112668
89304
71883
61620
74757
126834
44892
141999
81006
72990
74643
37275
49623
38925
130236
60126
145959
61434
74490
88482
59232
31014
40851
114123
93180
71238
27852
23229
63996
84198
62268
81411
96006
128895
55266
43785
25284
247263
68253
135891
89247
115164
127521
100158
91719
71433
68745
110401
117171
10176
98892
53313
84198
18810
44475
15786
64359
27459
171495
111459
14568
84321
27066
14838
3420
91422
54048
100377
76080
63648
180009
64854
32142
92886
163755
71172
37182
68013
43446
20298
45888
32706
96225
243528
176007
71586
63162
17529
76302
92202
68730
48637
73755
76746
16350
31440
128370
67290
75636
16572
54138
47238
109884
79653
39438
23118
37917
27150
86178
57708
23124
80271
35346
17475
6828
7116
8022
4140
3054
58671
85653
28293
19938
15222
55998
19734
11667
5463
280881
54411
35457
35250
38643
24288
20020
20593
6196
11313
116474
68318
188362
73526
72314
3378
71404
2856
38724
64074
32616
43629
117609
54924
75282
20964
76029
18606
9372
5112
29052
8928
18195
10629
50826
21336
24852
2814
124530
66102
109437
31578
75324
8373
19785
34203
26724
94161
160830
50754
6108
49090
