89985
88316
88141
87970
87869
87581
89521
87581
87581
88063
88453
88529
85598
84328
78771
89739
88389
88389
68358
87432
81690
83211
68586
117261
97329
112281
106644
96276
99192
84186
93978
42720
80238
72882
92799
103488
97320
88398
101610
117843
35400
24096
293205
144108
28720
93351
81357
44943
129210
143148
103488
81621
50748
49545
20604
56934
192306
91452
99468
204993
75489
38004
13530
18516
10710
122274
215181
160959
74838
50436
7890
5070
6198
6672
12816
124884
143637
36285
17478
15786
3378
21681
90759
55812
256332
107106
21426
29484
18606
63558
72178
88437
63468
62910
113205
142407
65451
17478
34962
15222
24912
41400
44550
162801
50805
26502
27066
3378
16350
15132
26634
55620
44166
96783
208797
223875
125766
80679
13530
21699
6762
10620
62667
142011
29031
29886
13530
9018
4416
2814
72441
121452
116832
184011
67674
89946
78954
2724
37308
22518
245176
99408
67593
18508
21140
4834
18042
12884
11667
10048
