1324460
2225007
3139349
4039157
4949573
5853549
6449898
6591141
6944613
7792602
8710060
9594845
10366641
11004648
11900221
12508960
12507127
13045757
13748017
14613754
15695278
16408183
16648228
16948829
17083154
16872116
17469775
18394361
18101586
18817519
20589312
20932049
21108129
20960053
16909074
21250184
21389090
23281034
22916947
25286711
24740965
23322761
20289669
22010311
20550876
19040307
18922262
19730584
21640548
24657438
23762406
22777613
25308411
24412071
21922750
19580580
16501415
16355200
17767487
16600346
18938173
26077294
26419668
25407132
24607704
23333810
16438920
16608589
16587921
22371769
25552266
26752854
26997966
25868502
26117284
19063645
15950561
21924646
23551529
26453711
26608841
26664603
25458342
25513068
16531553
17349468
26857368
23474637
25775802
22760873
23082748
21529837
22004593
21171866
18188094
18904506
23395497
23945154
25097406
22933458
23301529
20653810
17372459
12933956
18911652
23112769
23442102
25055713
24407364
24457596
24467382
21876647
21275830
20129255
16379713
23471141
24561216
25277512
25796310
21382946
22485650
24486816
20854976
22030791
18200605
18374430
23519382
24434394
24824658
22738350
20263275
17424441
19863254
24786611
24747404
25637292
24608568
25635738
21975858
21729229
15564794
19345549
22494589
26138640
25273120
26239998
26186820
26488571
14495114
3142
1420
