2282617
3807890
5318068
6824416
8330578
9809567
10701231
10759738
11524608
12739747
14193767
15356132
17173568
17576819
19540318
19732189
18857504
19367079
20829345
20928077
20334913
20096510
21026050
20964492
19715841
21529986
22143579
23662200
25287814
23950848
22617155
22109447
21291033
22931407
22594920
22588570
24522178
25271338
25168832
24218488
21135071
20475606
18296150
18787022
17302002
23258930
25179192
25712734
26037006
26261916
24616605
23306399
21435956
19022553
22387311
26111808
26043912
26119121
26017225
24462775
21975809
20053503
18644512
19957236
25037406
26160497
25112922
24104088
24024057
22676935
17929331
19647563
23990236
25788464
24818155
23481044
24775461
24408664
21460624
19453875
20021972
24322718
24512548
25847970
25749096
26714998
24800135
21003121
16604258
18679890
23696469
24583906
23960762
24217846
24754264
22020957
18467720
16888274
17435249
21544919
24003810
24743586
25009825
24984720
24799149
24689508
22295454
21829832
25279220
23513232
23552272
23269675
24413314
24316265
22764002
23358810
23902038
23053626
22553430
25161183
24904551
25602613
23728610
19705109
22536121
24897347
23495248
22635912
21567307
17589155
14960554
16768256
22559078
22377258
23400876
21471005
21966805
23065054
18299932
13558890
14573041
20004130
24202297
23972670
24092044
24192902
26016880
22932597
23237145
18759355
21576501
23107732
24342573
25161302
25193564
25544611
25596946
23251030
23196636
20854303
21840690
21994343
21908986
23306116
15279091
