148266
145858
146946
145859
145554
144516
147341
146686
146293
137968
133968
141369
141024
127224
179577
130518
164268
102903
222216
20070
66540
99540
44865
40104
105915
204729
147408
71721
64662
89952
84030
70857
210762
106818
249168
73620
79086
149445
39474
55059
238398
107301
37662
35308
314379
277848
117855
145251
71664
7326
157545
92676
136488
230229
170127
51924
26502
33834
44715
143466
243162
234678
47172
220314
65328
81300
5634
60816
112653
87480
117570
233613
149706
109098
105870
111129
79722
84165
227664
177201
305268
170934
37782
54702
22554
37062
29715
105915
203379
87501
122001
74160
52749
82380
32706
5854
33663
187026
181134
66903
15222
65055
22554
85869
63246
68886
67653
96261
53010
57792
15222
11709
84330
51147
62238
52767
88641
197265
113268
29886
60510
68592
176925
231255
139629
69930
41403
72750
2160
87720
81924
195486
88743
69930
9018
49062
3852
22080
19152
142833
299529
68238
39474
2160
79143
25938
20862
24246
38703
2856
47812
55008
55725
65559
27630
23946
19545
28398
125040
49590
16350
22656
4686
12966
4506
