3800481
3849910
3884252
5318749
5562589
5859561
5421858
5348053
5289638
5554799
5849029
6139827
6664170
7549803
8013424
6025190
5873596
5748451
5820965
5763809
5629828
5398387
5435574
5572352
6137548
5617921
5874638
6243516
7175367
7904046
5921397
5210757
5158172
6940611
6775570
5311324
5630090
5974943
7138251
7005854
5214091
6679039
6053140
5379436
5536136
6862267
5816831
5211258
5121221
5801058
6611630
7223830
7774739
8395467
8752466
7278726
6124381
5876436
5750374
4003028
3805866
3609662
3255020
2747216
2749116
2752931
2753148
2738942
381394
