3813083
3848829
3930114
5270429
5583298
5841763
5442515
5336107
5310903
5543587
5849210
6138865
6660212
7581340
7991170
6003061
5892304
5736900
5862850
5744301
5602129
5407901
5420999
5603847
6123506
5600943
5879486
6249241
7201384
7890997
5938152
5172055
5161711
6945569
6769572
5342587
5600092
6004501
7135635
6996907
5230786
6648295
6048189
5377565
5545003
6872254
5798745
5206739
5129340
5815377
6594886
7259085
7800187
8358923
8771487
7277420
6101117
5858820
5756890
3999922
3806267
3599685
3259836
2739925
2759455
2741896
2757789
2748305
357788
