2026249
2037251
2086269
2852055
3092452
3109436
2884267
2870601
2871075
3109135
3374575
3726158
4102731
4574578
4323613
3266728
3128876
3060346
3188804
3086641
2990245
2903464
2962056
3215992
3290868
3208567
3453276
3799959
4427605
4200361
3079122
2792401
2929979
4049826
3567944
2995127
3188870
3526098
4250045
3693235
2974117
3654030
3245312
3023412
3214265
3620786
3117571
2789541
2955988
3541660
4173843
4632727
4885648
5108345
4838389
3862575
3160814
3143570
3141282
2148189
2028449
1934643
1713911
1466110
1469335
1468502
1473541
1463047
