895415
897647
900291
1100527
1255111
1259289
1256047
1256082
1245039
1270882
1259753
1263488
1262166
1265073
1265938
1269110
1265354
1260352
1266383
1267143
1262705
1264537
1263976
1270309
1268061
1266088
1263981
1269615
1254090
1263771
1264564
1266943
1258741
1250340
1269228
1267333
1266004
1258863
1266069
1261061
1270405
1264331
1266336
1261393
1268485
1267807
1265491
1265354
1267438
1272645
1267070
1273495
1272737
1273358
1265161
1270580
1267297
1267026
1554821
2174290
2170380
2171946
2311986
2515776
2571232
2539302
2529034
2516305
2573668
2564731
