1791240
1800757
1843518
2436454
2532462
2741346
2528610
2479572
2439194
2480432
2528026
2456657
2552627
3066724
3594303
2734504
2722899
2685241
2707410
2667191
2620559
2515944
2460869
2455189
2783435
2451390
2446860
2486794
2891342
3679743
2730940
2391175
2272186
2971183
3100531
2393805
2419435
2557658
3010063
3151559
2160017
3019987
2831090
2367193
2442870
3131411
2718016
2401336
2259094
2292570
2486574
2726947
2843708
3355798
3835585
3348133
2803430
2757223
2550322
1853696
1755308
1675757
1491544
1279563
1294064
1283806
1284772
1274460
