1015063
1015167
1018809
1256816
1437632
1439271
1437189
1440204
1429615
1455569
1438488
1447819
1438380
1447646
1446876
1452393
1441552
1446769
1443320
1449984
1444163
1449143
1447123
1447123
1453849
1446779
1448027
1447370
1439188
1445694
1443493
1450689
1439055
1425559
1451562
1448370
1450153
1437895
1443749
1446360
1447677
1446602
1448859
1443427
1449981
1450697
1442809
1446011
1452785
1445693
1451167
1455065
1452762
1450828
1447052
1451585
1447352
1448072
1777333
2469085
2468450
2460475
2635987
2896573
2929955
2894868
2892385
2878297
2973031
2905720
