3808177
3835945
3891960
5345911
5473001
5638162
5410976
5389623
5310499
5550098
5764358
6143499
6595302
7683231
8070691
6175621
5657251
5616634
6030272
5732953
5557884
5440733
5327044
5710657
6099308
5637746
5708729
6149329
7510380
7662836
5752222
5102507
5246513
6900653
6472759
5338333
5383764
5740174
7575588
7044828
5350084
6141249
6144400
5561814
5684443
6591137
5663411
5276237
5146555
5941085
6530650
6671834
7436302
9053627
9736382
7235963
5641181
5995510
6060032
4023987
3725209
3612133
3254245
2737162
2754350
2732700
2732879
2720686
356706
