3829364
3855592
3826577
4761322
5403930
5367063
5375624
5378444
5339715
5473919
5397065
5420919
5384612
5423624
5395638
5434357
5411218
5413811
5439961
5427478
5457145
5424734
5422452
5434702
5411323
5413387
5417329
5416952
5380474
5409726
5415190
5400634
5404377
5362781
5426745
5391183
5412397
5409239
5393732
5404271
5428829
5428954
5423884
5475855
5414087
5419722
5424605
5415501
5423306
5415892
5426679
5419870
5411949
5429040
5440434
5460113
5460103
5412128
6751779
9266836
9222539
9187075
9858854
10799633
10980966
10804593
10812268
10728007
11030659
10856015
