3825055
3832134
3829311
4733242
5407635
5380135
5380134
5386622
5339806
5440127
5431790
5414922
5381705
5411129
5404700
5448435
5407510
5415332
5418904
5441640
5437344
5428543
5443827
5419571
5420634
5403277
5409538
5433153
5386190
5406617
5402746
5407014
5398473
5381552
5408968
5402095
5414400
5394281
5408760
5412461
5418502
5422572
5431055
5455068
5433548
5425319
5407418
5418764
5421974
5421817
5414427
5425873
5438415
5415508
5435524
5441926
5467934
5411596
6742559
9277008
9227179
9190129
9852485
10794790
10969898
10838339
10785118
10738272
11004822
10864478
