3799363
3810421
3894674
5346609
5465418
5644839
5407765
5381701
5322502
5551365
5756966
6137662
6615081
7649219
8102173
6160368
5664045
5621171
6019819
5733536
5569926
5428446
5331635
5685884
6106188
5651692
5720404
6116926
7522407
7677665
5752300
5109543
5244347
6893825
6479969
5308150
5402252
5732076
7561008
7082928
5357065
6112480
6136889
5576015
5508594
6783462
5649178
5278261
5137589
5959269
6527447
6670857
7409217
9067588
9715944
7255139
5664325
5976946
6066583
4025873
3732337
3614510
3251585
2743845
2750508
2734938
2732000
2723512
366452
