2024708
2023489
2065768
2872705
2962541
3009804
2892693
2893291
2876699
3075969
3345079
3674870
4109901
4651307
4386131
3323178
3032887
3006741
3225149
3079888
2978167
2900873
2908488
3206114
3275078
3134458
3332609
3716991
4485462
4092901
3053495
2738645
2942059
3939715
3460518
2963479
3048365
3420137
4460448
3781185
3012647
3356571
3300935
3081020
3138415
3522968
3021377
2816079
2894542
3595644
4046144
4388174
4941981
5561383
5339585
3805639
2987226
3207735
3300775
2163146
1997408
1927081
1740021
1463302
1470925
1457824
1457790
1455425
