1794284
1791553
1826756
2477889
2505362
2647342
2528997
2504203
2451113
2480129
2414119
2462891
2502366
3054717
3698277
2832287
2619761
2631055
2775286
2663638
2610204
2521615
2429564
2510286
2807953
2502035
2373149
2383861
3038081
3586883
2703642
2389478
2309701
2979180
3011612
2378294
2335384
2326054
3151169
3284965
2378723
2775006
2893582
2483742
2411551
3085595
2654929
2454814
2231747
2356036
2487439
2302254
2497230
3496655
4443428
3419499
2648953
2805742
2733028
1861401
1738204
1673028
1517984
1278817
1287754
1281271
1278003
1270095
