904362
902615
897624
1111201
1253832
1251921
1252296
1258509
1244146
1266892
1264068
1260596
1256804
1271894
1262053
1266130
1267335
1263854
1270278
1267316
1264499
1258085
1271809
1260539
1273078
1266631
1266854
1265149
1258172
1263579
1266443
1252947
1264271
1264545
1266890
1255747
1264733
1263635
1267019
1264836
1267012
1264505
1266335
1267046
1267858
1268526
1263705
1263026
1267802
1265807
1266940
1269968
1268429
1263055
1266388
1271368
1267279
1264184
1519217
2170240
2182059
2152000
2299543
2518007
2569916
2543199
2520401
2504626
2578928
2543543
