1021458
1019999
1016561
1270805
1433041
1435083
1437252
1437443
1429670
1451635
1442772
1444506
1438753
1447543
1444265
1449390
1445420
1449288
1448869
1448278
1446258
1442264
1449465
1446275
1454677
1446694
1447663
1442911
1447858
1442022
1447295
1432080
1445619
1445607
1448380
1433940
1446188
1446103
1444554
1447467
1448017
1447980
1443325
1453640
1448203
1442637
1448450
1449041
1445284
1446720
1447703
1448862
1445347
1446530
1447925
1448552
1447712
1442408
1738471
2467459
2470868
2448162
2616350
2907420
2928674
2887352
2880950
2877472
2960157
2881648
