3566438
3593221
3656562
4916668
4994936
5401990
5069356
4987683
4895474
4932773
4941314
4906414
5074918
6101591
7329882
5582578
5385970
5328536
5480924
5319661
5211103
5039114
4892445
4926622
5583506
4937550
4829316
4871204
5869450
7219111
5487129
4768138
4596841
5880983
6226962
4745052
4760601
4836025
6082069
6477598
4568088
5725055
5683831
4908999
4703864
6304794
5396788
4862718
4481378
4628568
4946187
4971036
5345642
6580578
8335230
6860759
5567680
5476819
5317137
3844935
3510330
3362501
3088978
2569302
2570100
2572388
2566636
2553921
