1819951
1799866
1801605
2216582
2502517
2527496
2505038
2513510
2495977
2532490
2527529
2528885
2518642
2544044
2514375
2563120
2530525
2527130
2532801
2538339
2532792
2528914
2535729
2519197
2551421
2528869
2545843
2523681
2516849
2542461
2539332
2517208
2522655
2517763
2534604
2524804
2541911
2529719
2532939
2532698
2539467
2525841
2526923
2526010
2536743
2531913
2530194
2535136
2535692
2536674
2542047
2548476
2534705
2535983
2542313
2544689
2539480
2532477
3137467
4348569
4335257
4325907
4653948
5027597
5130824
5058285
5066977
4990778
5156902
5059493
