2040133
2034240
2029617
2521955
2864692
2867152
2876063
2869579
2858483
2896545
2883003
2881618
2870784
2904377
2881493
2891948
2907881
2877598
2881666
2888490
2902650
2882666
2890883
2881465
2905758
2882303
2903865
2876132
2881299
2893075
2904194
2872609
2875134
2875144
2885310
2879463
2890380
2889683
2880352
2901067
2893604
2886684
2883267
2875143
2895216
2890104
2883085
2890091
2891059
2886719
2893325
2896545
2898240
2894754
2891013
2893020
2893980
2892507
3556082
4933062
4912920
4906948
5294750
5775293
5840131
5776372
5775514
5750605
5867688
5770978
