4036131
4044844
4118560
5720249
5987837
6124108
5772264
5769819
5710542
6156261
6697998
7379952
8181390
9226348
8748539
6650511
6186582
6076876
6394033
6152064
5961549
5793269
5867592
6341640
6580917
6301802
6766386
7472371
8807962
8330508
6177910
5529848
5821361
7952535
7061546
5946793
6214766
6902167
8515700
7583038
6053763
6983194
6452114
6071362
6250308
7239589
6145224
5617294
5752812
7071559
8103389
8902657
9806935
10529481
10271829
7841257
6263357
6237449
6477392
4474009
4048366
3846128
3559968
2930593
2923540
2913800
2934247
2922994
