27688
29448
20400
20400
20484
20400
20400
22440
20400
20657
20550
20550
20592
20550
20550
20550
22605
20550
20550
20550
20550
20550
20550
20550
20550
22605
20550
20550
20550
20676
20550
20592
20550
21658
21497
20550
20634
20592
20550
20550
20550
20550
22605
20592
20550
20550
20550
20592
20550
20550
20550
20938
22605
20550
20592
20550
20550
21036
20148
20550
21658
21497
20550
20550
20634
20592
20592
20550
20550
22605
20550
20550
20550
20550
20550
20550
20550
20550
22605
20592
20550
20550
20550
20592
20592
20550
20550
21658
21497
20550
20994
20232
20994
20148
20550
20550
22392
21151
20689
20710
20710
20836
20710
20710
21200
22333
20710
20710
20710
20710
20710
20752
20752
22218
21273
20710
20710
20710
21242
20304
20710
20710
21826
21665
20710
20710
20710
20710
20752
20752
20710
21826
21665
20710
20710
20710
20752
20710
20794
20710
22781
20710
20710
20710
20752
21056
20794
20710
20710
21868
21707
20710
20710
20710
21200
20304
20710
20710
22781
20710
20710
20710
20710
20710
20752
20752
21158
21378
21665
20710
20710
20710
20752
20794
20710
21158
22333
20710
20752
20710
20752
20710
20710
20710
22781
20710
20752
20710
20710
20710
20710
20752
22823
19755
21665
20752
21056
20710
20710
20752
20794
22823
20752
20710
20710
20752
20710
20710
20752
22781
20710
20710
20710
19755
21665
20710
20710
20710
21826
21665
20710
20710
19797
21665
20710
20752
20710
22260
21315
19755
20710
20710
22270
20794
20710
20752
22781
21056
17684
22823
21665
20710
20752
20752
21826
21665
20705
20700
20700
20742
18630
22770
20700
22812
20137
21305
19745
19700
21753
22770
20742
21815
19585
22770
20700
19745
21655
20700
20700
20700
22207
20350
21655
20742
19745
21655
18630
22770
21190
22364
20700
17269
19579
26850
20700
21263
14490
20784
22249
21263
20700
20700
20700
20700
20742
20700
21815
20742
20700
19022
19756
24840
20700
20700
20700
20700
21451
21711
20700
20700
19585
20252
23823
20700
14490
28025
21263
19235
22770
21655
21868
18182
19756
18745
25919
30241
20336
21148
22417
21148
19961
21100
21367
19798
25179
23285
20916
23285
18745
23285
23437
18756
24678
24411
22316
22898
19373
21846
24064
26093
24029
21388
19880
22017
30008
18754
18477
27604
23525
22955
21885
20166
27677
25579
24845
23354
19087
20318
18015
28000
20776
19775
26379
23063
17638
29339
18820
24194
24634
25751
19765
21357
21315
25586
21658
16788
21055
26722
20671
30519
12989
17246
28206
20433
27562
16739
24250
18233
28049
16448
17371
27202
25990
34737
18519
18656
26333
29804
20037
27787
17417
21846
29339
23851
22115
27486
11978
32588
15126
21618
27285
22780
18372
31657
32438
16242
30965
14964
30524
26722
28448
22017
21993
19695
26874
17344
24529
29623
22952
19139
12044
28443
24876
17753
25305
27887
22409
29067
19880
21888
25652
25300
19866
20370
19385
30021
25582
23028
28115
18257
24974
20394
29616
19662
32149
16911
19481
26142
23053
20265
21388
18862
19601
32144
26975
25246
22640
18590
18306
30913
14443
24519
16808
33165
24754
14448
24908
15724
14999
32384
22034
10384
17152
47697
40276
15920
