20718
20940
20526
20442
20568
20442
20526
20568
22482
20703
20676
20592
20592
20676
20802
20676
20718
22815
20760
20802
20802
20592
20634
20718
20634
22287
21120
20592
20634
20844
20676
20634
20886
21054
22731
20676
20718
20760
20718
20718
20760
20676
20634
22773
20760
20802
20634
20844
20676
20634
20592
21010
22773
20634
20634
20550
20592
20844
20886
20802
20592
22647
20676
20676
20928
20928
20718
20760
20634
21298
22151
20718
20592
20592
20634
20634
20676
20718
20676
22731
20634
20676
20760
20760
20886
20802
20550
20592
22647
20592
20634
20844
20760
20676
20634
20634
21052
22731
20777
20836
20794
20878
20710
20794
20836
22865
20878
20962
20836
20794
20752
20752
20836
20794
22823
20920
21004
20920
20920
20794
20878
20920
20836
22907
20878
20752
20836
20878
20962
20962
20752
20752
22907
20836
20794
20794
20836
20794
20836
20794
21504
22281
21004
20920
20878
21170
20836
20752
20836
20920
22865
20710
20752
20794
20962
20794
20710
20710
20752
22865
20962
20920
20752
20920
20920
20752
20752
22459
21284
20920
20962
20836
20836
20920
20794
20920
22949
20794
20836
20794
20920
20836
20878
20878
22417
21326
21046
20836
20878
20752
20752
20472
22991
20794
21242
20794
21128
20878
20878
20794
20836
22907
20836
20794
20752
20794
20710
20752
20920
22543
21284
20794
20836
20346
21200
20752
20878
20878
20836
23033
20920
20836
20388
21200
20836
20920
20794
20878
22991
20388
20878
20752
21399
21326
20878
20920
22907
21212
18317
22991
21368
20878
20878
20878
20878
22011
21643
20742
20784
20826
18714
22812
20700
22812
20252
21190
20294
19319
21879
22896
20826
20742
20868
23106
20910
20294
21232
20784
20784
20868
22406
20826
21358
20910
20378
20868
19120
22812
20868
22938
20952
17860
19168
26672
21274
21431
14574
20784
22490
21442
20910
20868
20868
20784
20784
20742
21036
22364
20784
18798
19767
24840
20742
20742
20784
20784
20504
23501
20868
20826
19162
20336
23823
20742
14532
28784
21515
19403
22854
21190
21462
18308
20456
18955
26594
30397
20462
21358
22526
20742
20003
21142
21045
20879
25431
23579
20045
23775
18787
23411
20910
22067
24779
24537
22442
22391
18925
22336
24638
26449
23942
21430
19922
22101
30033
18432
19068
26649
24172
23008
22689
20247
27786
25638
24845
23463
18849
20951
18141
28126
20902
19310
26886
23318
17212
29748
18843
24929
24718
24880
20339
21483
21399
26219
21193
17295
21223
24371
22966
30729
13000
16966
28780
20940
27097
17288
23785
18432
28018
17039
15482
29343
26200
34398
19152
18740
25868
30378
19673
27986
17851
21454
29423
23904
22961
27483
12230
32375
15784
21170
27484
22936
18540
31878
32637
16718
31074
15149
28985
28387
28490
22101
21993
19398
27000
18061
24232
29749
23543
18747
12128
28569
25310
16924
25837
26813
23682
29543
20048
21507
26285
25510
19443
20527
19903
30147
25274
22997
28272
18184
25565
20520
27811
21828
32334
16614
19722
26702
23221
19884
21514
18988
19884
32704
26667
26285
21642
18632
18589
30518
15608
24687
16458
33218
24838
14574
25541
15332
15125
32510
22076
10468
17236
47781
40360
5957
