63330
62515
61587
61866
63924
61782
63966
61866
61782
63966
60489
63201
63924
61950
61866
63882
61824
61824
63882
61824
57666
68040
61992
61866
63840
61782
61824
63521
62311
61866
63840
61950
62465
64420
62388
62972
64336
62472
62472
64630
62514
62346
64378
62304
64336
62430
62514
64097
62711
62638
62346
64420
62304
64294
62304
62304
64378
62346
62304
64336
62346
62388
64349
62795
62388
64378
62262
61813
63438
64779
63971
62669
62346
61939
60951
63668
62051
57620
61341
64013
56615
55220
77408
62723
62274
64473
62358
62442
64515
61993
58787
61951
62807
62232
63856
62316
58535
61491
67021
62358
61491
62227
70864
60337
67663
63475
66034
64979
63236
69930
56207
69167
60546
69078
63256
56492
69636
74809
63342
68520
65009
67750
66760
59385
69442
55997
76173
64203
68775
66833
66659
66701
64183
78457
61315
59306
72047
71794
57506
74808
69448
75973
64761
66044
74480
59811
58551
59180
65887
71522
61484
72190
68769
59600
59331
79812
75249
42631
70256
65454
38712
66011
164108
83554
60712
83021
138993
46055
63958
94617
116252
57964
52483
32220
42719
38126
39759
68178
12746
