70721
69496
61541
63840
61824
61740
63840
61740
61740
63882
61740
63840
61740
61782
63798
61740
61740
63798
61740
61740
61010
64528
61740
62849
62689
61740
61740
63840
61740
61782
63798
61740
62251
64336
62220
64005
63177
62220
64294
62220
62220
64294
62220
62220
64294
62220
62262
64294
62220
62566
63379
63219
62262
64294
62262
62669
63845
62220
62220
64294
62262
62669
63845
62220
62262
64294
62220
61263
63396
65203
63379
63177
62262
61263
62450
62394
61616
57494
61723
64294
57199
53469
77198
63147
62639
63814
62190
62190
64263
61233
58552
61682
63147
62190
63306
62232
59001
60941
68519
60566
61449
63112
70216
61715
66159
63040
65950
64895
63419
69835
57155
67417
60462
70618
61590
56958
69044
74725
64925
66895
65433
67582
66084
59259
69782
57030
73507
65118
69690
68273
64487
66266
64450
79844
59497
59587
72505
70001
57846
74090
69715
75538
65070
65834
73835
63990
54204
59096
65719
71396
61459
72597
68540
59631
59174
79293
75039
43055
70057
64806
38628
65927
163940
83599
60979
82502
138216
47141
63916
94115
117066
57922
51442
32571
42719
37127
40068
67968
13666
