110903
112031
102300
104346
102342
104346
104346
102300
104346
102342
104388
103789
102899
104346
102342
102519
104127
103403
103286
103546
104716
104211
104051
103100
100306
107956
105162
105162
103142
104211
104093
105162
102539
105723
104253
104051
101703
106947
103319
101930
106113
103546
104758
101257
104811
100129
104898
98362
107240
110477
125979
103611
105111
100139
106841
104834
103268
106045
102604
104043
102822
104442
101172
102620
114310
97714
114498
112153
108949
96717
107636
114346
113216
81540
113760
107716
120195
89802
101651
127725
108811
85148
120698
131512
94338
104260
106802
96354
105508
89028
75144
136219
137649
95941
101832
108666
131544
158838
71973
206304
101180
49844
55559
76093
19408
200496
71372
59345
109089
136807
40295
99953
125182
250565
64486
71229
53842
29107
61940
74767
25670
135262
181885
163145
84211
114416
87541
101802
74613
69270
234724
143487
167971
174590
183225
53225
52903
110099
129561
231264
199822
49123
113935
65567
161701
39976
136695
239324
271562
135020
119615
94670
113057
80784
82773
89939
115765
156165
147477
73017
79518
65430
113993
123545
86956
136001
167579
151773
111426
124722
132848
115602
192600
132785
130108
146231
121602
54189
71330
263633
205716
116447
113069
183459
118995
72234
81483
99338
86529
124407
94131
155673
91775
95774
52617
40713
32348
163147
193645
73033
70501
102585
85885
76645
56462
86482
24305
24740
2847
11809
12931
15778
1753
11809
13492
15175
4558
7924
