103953
104063
102784
104514
102468
104388
102384
104430
104430
102384
104430
102384
104556
104114
102868
99656
107242
102384
104561
103394
104968
104337
104581
103142
101888
106668
105288
103268
104522
105776
103756
105288
102654
105608
103142
105288
102376
106640
102292
103630
105650
103226
105330
101804
105324
99910
105066
98404
107223
110230
126063
103664
104749
100669
105587
106256
102990
105549
104303
102688
104219
104425
100894
103209
114436
94820
117980
112321
107501
98375
106062
115095
114419
78560
115460
109416
120405
90531
99558
127503
110553
85232
121172
131512
94899
102790
107447
96828
105286
89310
74709
137212
138294
95506
100923
109331
131524
158922
74156
206430
102552
49179
58489
70567
20177
199738
72171
59207
108031
138720
44432
96671
124450
241094
74983
71439
52930
29317
61951
74924
28082
134095
169040
175768
83619
115176
87667
103092
73404
69025
235266
147063
163567
175277
183351
54515
51472
110828
130206
224658
208477
46921
116782
64899
160457
39335
136470
247956
263575
134585
119699
95834
112019
82198
82688
89801
128694
143614
153213
68010
78999
65618
114618
123671
85876
139493
166064
152460
109953
125016
134450
121671
183624
136277
128551
147956
116631
59618
69357
263759
206131
116674
112805
183501
119511
70962
82170
101666
87216
122974
93373
156517
93397
99141
47796
42396
29585
168551
189054
76007
67947
102753
86072
76542
56504
87141
26577
22019
5133
9719
13506
15371
4137
9719
13674
15497
4263
8176
