154173
151014
145266
145266
145350
145266
143704
144824
145266
145308
145266
143262
143262
148245
146402
146402
146402
145451
143894
147799
146402
145883
146012
146402
144730
146963
146402
146444
143389
147353
147513
138154
151696
138269
127305
142553
153730
159320
141542
156873
144312
146275
144385
141110
151242
140610
155913
141279
129791
162164
157982
166601
160113
150852
149798
145124
128959
183727
143466
147999
170697
159463
146472
137371
104932
119520
202632
154344
174740
149614
173948
124237
73717
181977
189202
194580
82706
101429
186931
199704
93441
135096
98704
167297
78840
92359
270535
204012
122590
50398
171336
69263
116252
192973
220786
154217
180400
150164
140860
119864
165605
162244
98676
341156
345166
129902
56647
162293
65121
40023
126910
153229
236514
102729
86680
41411
42628
55926
132515
94588
142976
32381
90618
46725
111180
53331
70885
230075
199085
265719
72933
88353
115848
68596
70881
122469
264938
144164
89754
67624
72725
7854
27512
196418
229370
112864
209689
80787
96756
50578
39370
77672
82179
126995
116175
77234
40663
26270
44616
102013
70550
107886
129260
80261
47595
30406
41766
24767
35989
160994
136384
176908
65616
28808
45875
23810
42313
89551
151536
126569
81331
64295
36798
36163
45072
142876
163142
115983
67896
51443
33935
31228
114470
101670
23871
121171
68669
86979
97835
108675
49946
101597
156575
360702
287083
83565
4011
96878
48989
78900
117558
62212
80174
147618
36171
68914
74994
107050
109691
95260
63263
56047
57018
67974
136357
53717
41742
121595
95286
180312
66927
24151
29242
23071
