145025
145572
145434
144049
144857
145434
145392
145266
143965
146377
143746
145476
143346
148291
146486
145998
144828
146528
145594
147420
146612
144550
146486
146528
146208
147100
146486
146040
142892
148674
146570
139896
149095
139632
128054
143365
145072
168345
140485
154896
148072
146011
143908
142187
150936
141042
155607
140802
130826
159698
160616
166379
158110
153455
149293
145671
127469
185511
143550
147693
171213
154489
151530
137497
105355
119169
203235
154299
174434
149053
172910
126130
74530
182103
188164
195786
82874
101555
189862
195945
94170
135264
98914
167507
78966
94538
270249
202974
122227
52165
169134
69950
120347
189172
220870
153782
181045
150767
140341
120254
169344
158631
97767
330012
357081
89355
98091
161816
65808
41687
124895
157358
232553
104280
85527
41495
42692
56156
131892
96268
142796
32008
94006
47496
107982
54018
69286
236851
193206
261757
77750
91347
112545
68730
70662
122814
265002
145328
89106
67963
72332
8541
27383
196502
235796
105571
203041
89931
100581
48625
37105
76592
82221
127427
115953
77318
44239
26438
41418
103303
70199
110775
129428
78830
48885
27685
42972
24893
38506
163157
131434
179449
62502
33983
45959
28099
37001
89677
148701
126653
90382
54999
40908
32347
44534
143521
163268
116067
71346
48928
33897
30751
118481
97888
24577
121610
69062
87273
96797
108240
50072
103448
155163
350204
298597
82431
4656
106487
44551
79690
113475
62983
81418
144943
36297
71803
74994
106054
111626
93703
72391
55593
47543
68790
125782
63941
42948
119435
96658
180749
67011
22552
30406
22117
