189412
185766
187446
189017
185791
188975
187933
187530
187530
187001
188746
188327
187151
187875
192087
188944
155483
168439
187471
185930
181153
189862
184008
176374
28597
112996
546902
244039
127468
59743
170900
106526
28888
142296
286869
281545
69682
359331
220973
205009
238775
198927
251281
198509
233545
192042
175698
184475
236865
188693
198843
194118
219468
208615
178878
218500
149243
117633
184725
217520
261215
292812
197576
88519
142506
97739
98584
145881
118307
219128
144915
181788
123021
129459
179888
149129
223627
225830
216321
190759
187744
167417
134726
126077
187168
249469
257112
173574
140796
155983
316830
147188
267943
240980
331058
223825
123741
90573
169757
161750
223869
130828
243327
310363
169241
125321
138574
128314
201389
265743
295846
387073
1002724
1082598
209189
129075
243911
229295
354792
332243
273679
314819
143521
37955
95886
29470
189558
128415
128909
118477
34004
31814
92687
29492
80663
136110
152295
108907
94153
106904
22892
21848
61435
151844
123240
80169
102872
61006
152748
106228
109569
88250
148652
232639
81185
147060
71182
85568
210358
294213
250091
217006
203569
265503
40301
26974
36425
176408
136857
179146
165394
160874
107601
51411
66306
48087
371315
264088
131468
38695
27428
66782
82709
123653
22842
6962
6018
