301009
196326
185262
189336
187362
187278
187278
187278
187278
187362
188297
188734
188734
185476
191992
189851
154083
170460
185198
185411
181505
189862
187836
171912
28513
113159
546953
243422
127283
60094
170713
106068
26899
143118
287784
281419
85854
342907
222429
203217
238733
198801
252654
191544
238423
193850
175095
182808
236781
188525
199632
192867
219651
207647
179678
216609
150195
118422
185309
216235
262666
291109
197419
88999
141210
97826
98809
142227
121751
219086
144789
181590
122460
129038
180618
149118
220002
229130
214091
192779
185446
169673
132992
122955
191940
246698
258149
175129
140471
155586
316619
146394
267775
229505
342576
221904
124591
92139
168879
161335
223659
131053
238421
316145
166859
126407
139096
127394
201283
265617
295678
385255
254896
92063
128207
48580
85040
151441
291572
191001
163568
235341
143959
52572
74249
35944
188346
128247
127529
120565
32312
32252
86921
32738
83411
135483
152043
109006
93943
105280
24912
21535
60764
165899
108327
81110
101934
57931
156528
106102
107229
89945
143801
233035
86051
144072
73198
85484
209020
289533
256211
216358
203485
264649
40297
23944
39663
177076
133431
180754
163534
164090
104259
48708
71473
48023
369755
264961
131342
39316
26654
66594
82249
123569
23280
6768
6332
