623410
624120
624009
627292
625686
626224
626320
626224
624567
630143
627563
630285
627549
589159
671240
633633
635025
619326
646257
625014
602639
615918
611347
681125
804234
736834
760662
594593
734222
599992
799813
1148273
793587
734920
1059493
958831
1081474
1030203
882872
829330
957133
1026887
1178180
958499
1200260
816101
988781
1034551
1131753
961794
1007006
812430
990526
881106
893910
1176207
1273930
1232277
1126660
1043229
1097268
1009793
1115831
1041563
958033
1161865
932980
759652
528652
987065
1126433
1475172
1085305
907710
1120047
1311053
819014
879541
788994
1274919
831039
994194
854000
1430993
1249606
969836
802802
1160270
1169018
778383
787203
922229
1177912
1063007
908147
724212
947470
948996
833328
773362
707712
921261
511124
803920
850713
807797
654534
893497
720444
894510
659722
896267
656151
756355
648422
797967
706599
612115
891635
713305
675788
770044
735809
762035
552585
765037
693045
746915
567007
551168
755216
474112
696739
339219
680492
836703
505589
734670
671668
855253
957203
843422
748801
978818
696149
729227
472828
529072
333573
444184
407097
363090
269311
254922
171819
357735
376515
450819
307930
444716
245154
223829
84818
