626982
629159
627098
625476
625803
623633
627591
625811
624873
630511
628871
627796
626567
589277
672155
634767
635390
615543
650259
620844
604545
619696
611658
676812
802757
736574
761577
593770
734138
602522
796737
1146603
793377
735461
1060183
957095
1079208
1040807
874920
829695
959589
1057128
1144572
962381
1195592
821551
984907
1032650
1129264
963738
1022368
801892
986434
879976
914842
1153538
1278863
1229352
1127622
1042496
1093224
1024095
1101860
1073709
945020
1155943
922726
759568
541950
971904
1126433
1481781
1083006
896046
1128592
1311011
817566
877359
791525
1267800
831836
1000073
852702
1432039
1247304
970359
806673
1170599
1157253
775937
789199
934291
1175161
968281
898290
721868
950776
947416
832648
784382
697780
919566
512128
804233
848285
806007
654942
922979
722965
864786
664830
889777
656632
768698
636465
797684
706431
612230
890913
712350
676449
770255
735785
764169
549634
764869
692805
748545
564999
551481
753172
475760
691107
343655
681538
835447
506635
741154
681966
837089
960690
733204
573278
772840
520131
638528
473267
528465
333489
444058
407055
362838
275881
247409
172216
358174
375950
450598
319857
432112
245464
228307
80695
