318393
311238
312942
312413
308826
315603
315823
314883
313665
306671
315290
313749
311268
315051
274576
280154
315755
313858
304832
314924
286884
322868
303849
304167
307834
249841
301991
292055
237183
262504
426561
380164
356833
412221
341979
277634
145266
349804
353467
291171
279409
352402
274283
261216
166674
143141
196427
154962
90641
219138
351589
297349
126321
155349
405566
311478
172533
195900
400080
158041
142492
94379
188221
185961
114197
230985
150666
269929
176117
89281
122835
185941
190439
322872
197870
295709
279149
289069
147640
73728
249901
387510
327983
505980
391350
465293
223870
329073
203705
348815
284008
166158
261866
283455
229202
94331
210437
402566
503049
243500
176651
152050
122688
123367
143297
123764
200748
255942
179344
126431
32400
134840
244451
251181
283490
470019
193538
48602
112065
129471
117795
130677
235194
287112
150033
99154
211299
66106
153926
181268
207937
198445
93545
102991
181699
70092
101141
113263
82901
98120
137151
186769
75792
72151
149417
47146
44966
113815
82131
55175
61461
81779
144473
113453
55688
122763
131119
64138
39178
80364
143736
109093
116472
74424
76619
64156
214693
54513
10807
