320047
317520
312816
311867
306726
315469
318321
313216
315248
305672
315697
314131
310143
315290
272643
281666
315096
313023
305457
315373
286363
321991
302160
305040
307781
249558
302064
291814
233571
265864
421881
384634
357877
410925
340203
279139
145201
349156
353512
290352
280369
351151
275594
260004
166590
143579
196301
155484
90641
216318
353239
297478
126569
155974
404354
310746
174725
194542
399954
153845
146520
94211
187531
187996
110614
232029
149976
265483
181397
81715
129681
186421
184631
327951
194231
297881
280277
289633
145864
75190
249963
405724
307261
508716
387234
468509
221530
322659
210785
350423
283383
166135
262178
286500
225383
94144
210456
402482
502965
238644
181255
151966
119220
126667
138095
128150
197844
267058
169878
126263
30456
137994
242863
252518
282735
468585
193718
41708
120484
128963
114198
131763
237408
286986
149343
99550
208961
68318
154490
177800
207247
202267
93461
101737
182701
69966
99845
114265
81692
98783
135771
186037
72930
74887
146203
51028
45550
111879
84003
55697
60939
81125
144347
109827
54516
124297
134090
63117
40008
80242
139104
113485
114230
73002
80511
63508
212943
54513
12469
