944506
939541
940262
943277
931974
918794
972922
944311
944576
945879
938029
885435
953138
946733
1113226
832762
1380693
886800
824268
898419
1186930
1105576
1147084
1350848
1326529
1727411
1466889
1396259
1231686
1250820
1223694
1128424
1108011
1231196
1411988
1416490
1310226
1133306
1114363
1484504
1339436
1388597
1416053
1413387
1589561
1520810
1415382
1567765
1292587
1333250
1472247
1667723
1133552
1447230
1299371
1115948
1575221
1264197
1236048
1104448
1125167
955584
710894
1077871
1064121
1204959
873504
790842
805051
823488
603303
1008430
1217321
1639529
1299009
1420872
980059
852646
1132689
979254
945081
1142504
1442973
1306202
983896
899763
958207
826373
1007307
766497
1010906
1147765
1093242
776682
1228874
902427
997228
851079
1027540
1086555
1482247
1259488
1051494
1183971
812581
1007138
1013408
889375
1218347
1112856
1071934
818040
1028267
792067
747350
701612
922651
863450
850495
603157
1035596
900983
1121571
721444
874274
949182
1093416
534736
688102
900344
566993
500975
410641
667267
393848
543327
254908
2768
