932611
932882
940839
941860
930909
924381
969521
945679
942370
947787
936842
890042
942586
956025
1114084
830121
1383710
885614
820087
905563
1181818
1111024
1147210
1350848
1327018
1726559
1467870
1394543
1182025
1287300
1238958
1124267
1113066
1230153
1409496
1420235
1288250
1154575
1115012
1488089
1336289
1379165
1433731
1407112
1585696
1516206
1421404
1569501
1282419
1342854
1457253
1668489
1147196
1452357
1284171
1126910
1575786
1265666
1231716
1106433
1127030
950715
718960
1074048
1066293
1203788
854887
808920
801169
828247
600178
1002893
1188204
1676267
1303697
1418173
979013
853857
1133257
980203
932906
1154628
1425357
1324298
983016
897509
886593
901148
1006219
768180
1017466
1112822
1119923
778022
1228477
902553
1002041
837268
1036683
1088670
1448405
1291364
978140
1252651
818102
998208
1022033
890097
1217968
1112941
1072306
818427
990892
839588
739640
700656
921614
850121
861375
607003
1034559
901109
1121276
711406
885772
948671
1093563
533128
689881
901245
557697
507371
412453
641983
419636
543411
256230
516
