633398
625757
627983
613463
616385
651038
631924
613129
582786
558856
559444
478803
294360
413510
523448
488511
441588
650898
324782
419992
378169
492603
620097
544113
448567
786421
657518
622407
519698
514508
359261
418090
282463
777396
517267
514496
592746
480171
563975
427288
498063
437136
582380
311950
557185
602414
360231
315224
299933
299616
427676
512878
530509
323130
468298
350972
385618
239398
469860
332129
473874
191571
314587
510182
248332
251088
245893
391557
514987
330134
180592
293905
297765
193115
102791
114678
187476
243262
369810
360047
142593
182478
188708
148332
115266
358399
459882
334455
184404
171080
511762
234421
418306
408652
575900
509499
365121
263208
349476
386234
250532
342970
438147
812090
439918
305147
289555
233806
299540
455774
347496
529231
623830
429288
153498
134676
241684
257864
351090
339990
411282
228731
209934
37897
90097
163777
355545
56276
102
