628168
614610
630021
616602
610322
654298
634070
607232
589970
559066
549239
488141
292887
415361
524051
489450
431898
661347
325604
418693
385548
484747
620655
544410
448090
781869
667203
620205
510371
523133
360406
416720
282154
776484
518905
513629
586575
499767
550073
427849
498189
437304
585788
313156
552823
604742
358629
314887
300048
300006
427454
513130
518153
343809
417189
395609
388198
236242
468948
332774
473439
192300
314278
511259
251371
247805
245957
396400
512357
328004
182432
292696
296940
194321
102482
116571
193296
236654
372449
356953
150160
175838
188395
149798
115392
362731
454504
334497
183965
175768
509018
235199
420174
404860
583663
505454
359617
266105
349620
375850
261625
342579
438315
812059
440075
305441
289765
233451
302010
453754
347622
529922
624521
429330
153203
135265
250116
249203
352869
339425
410717
232770
206754
37061
90451
163194
360256
51817
300
