12849
13397
12512
14543
11830
12088
13847
12128
14522
12707
12548
15013
12733
14025
13590
11407
13341
14036
12486
15515
12681
13256
14077
13067
14225
13396
13045
12410
12103
13087
14307
12105
12932
15968
11580
11696
13427
11477
13870
12489
13732
15063
12898
12402
12685
10864
13394
12290
13433
12365
13926
12168
12793
11068
12693
14043
12679
11994
11116
11030
11014
10896
10422
13115
11614
11402
11352
10896
11192
11402
12503
11792
12168
12210
11920
11884
12168
12583
11444
11394
11234
13304
13363
12146
11946
13805
12681
11512
14409
12408
14479
11768
13067
14478
11657
10815
14613
12952
13235
14592
12813
12731
13670
13216
14351
13557
12672
14505
12369
13583
14593
12919
14562
10912
13714
14604
12736
14747
13127
14294
13041
12813
14451
13732
11993
12672
14199
12547
12399
13784
15753
12029
14094
13488
12759
13086
12629
12855
14105
13510
11439
12418
13054
13716
12460
13095
13670
11283
12829
12864
13521
12308
13165
13521
13784
13557
12371
15101
11773
13020
14207
12565
12869
13971
13353
13510
13107
12249
15314
12863
13304
13627
14169
12029
13171
13272
11923
13135
12651
12801
14105
13236
11501
14199
11689
13064
13404
13557
11300
15431
12126
12065
15093
14790
12691
13754
12506
14105
13670
11163
14585
11608
13862
12613
11314
15143
11285
11951
14744
12198
12628
15093
13376
13702
12194
12759
12947
11244
12253
15547
12084
13930
13278
13045
12608
14622
11347
13245
12327
13521
14146
12464
14147
14625
12367
14954
13107
12759
13371
14199
12409
13714
12829
14014
12003
13583
15093
11896
10589
14138
13365
14147
12414
12759
13955
13574
11717
14868
15075
12302
14664
12123
12068
12424
14681
11059
12151
15493
13677
13627
14951
11993
10804
13851
13047
10283
15517
12761
12646
13821
11858
11228
15878
13216
12731
11868
12759
14145
12859
12672
15101
13716
13819
13541
12759
13391
11899
14212
13849
11244
14807
15101
11912
15452
13778
12801
13934
14080
10241
13742
14512
12440
15143
9767
12992
14572
12463
13327
12409
13927
12787
12773
13798
17402
17198
11620
15209
12453
12670
15294
12867
12130
17216
15628
14360
14160
14329
12462
13196
14645
13937
13979
16085
13833
14203
13948
15185
15436
17408
16061
13754
18028
17657
11590
14214
17198
16641
16243
10020
16371
13852
17174
17162
12569
12017
15233
10734
15487
17745
12645
16996
14559
15234
10117
20351
13383
12776
19243
12761
10931
18563
14437
15296
12242
13885
16851
16903
16238
13362
8941
15395
18733
16717
12763
17171
11281
15689
13484
14099
14703
17501
19579
17005
13617
16467
18131
17787
15355
14880
14255
18038
18417
15446
16191
12117
15668
12484
17240
16913
14324
14518
19401
20667
16569
18654
13853
21625
14182
21509
15663
12405
16040
15849
12794
15890
17982
15379
15302
8439
17333
18061
11325
20497
17486
15793
17916
13189
15133
17937
13990
12216
15149
15584
17000
18987
15633
17575
15380
17091
14358
20144
12045
20903
12897
12707
16985
17206
11929
16919
12718
13031
20358
16619
15169
15413
14543
12747
17469
14321
15336
12844
22965
14203
15064
11784
10370
16629
22062
16402
10961
17980
26989
15674
