129127
228054
327182
430769
525852
628878
709936
716196
748421
845490
944534
1044559
1150704
1249001
1346476
1416296
1426489
1474278
1560116
1665595
1762302
1878759
1962054
2066946
2129691
2138574
2183626
2293559
2385168
2487412
2594331
2685714
2784902
2851353
2843680
2903556
3009897
3102664
3199675
3301708
3403356
3520789
3550356
3550751
3625414
3730062
3825339
3928730
4028852
4124713
4234828
4261674
4276228
4325960
4431185
4540064
4638004
4722982
4849778
4935008
4980282
4990508
5073732
5176192
5263168
5376736
5476582
5582266
5670740
5703534
5671926
5794070
5880576
5995204
6088096
6196640
6292708
6378738
6397612
6445852
6501786
6651179
6730004
6821588
6963678
7020623
7101920
7123890
7145661
7209244
7369029
7438220
7514140
7648005
7734920
7812944
7832091
7878441
7971248
8051955
8197890
8219683
8354196
8459074
8501345
8517938
8622904
8722833
8775980
8923899
8958324
9162344
9200843
9206192
9282428
9317759
9453898
9529752
9603358
9696737
9794720
9893232
9910009
9951940
9995206
10190126
10276065
10403474
10441528
10537195
10633260
10616918
10636969
10720882
10947304
10973067
11108794
11158780
11313791
11360466
11356340
11373965
11429042
11566132
11682466
11749295
11865900
12032694
12154169
12130094
12091426
12194001
12332636
12482450
12489551
12598156
12719170
12792749
12777524
12792446
13010243
13036414
13118636
13250765
13428392
13507799
13386842
13579078
13636793
13670884
13760112
13921829
14004454
14092372
14118967
14215584
14152920
14322419
14429158
14485082
14598491
14698270
14760826
14840067
14896042
14933744
14933267
15049680
15113196
15332841
15351572
15263226
15624119
15691296
15653765
15663748
15821926
15986877
15929916
16053222
16273163
16348382
16313452
16315096
16482990
16588123
16729080
16725890
16803403
17166412
17067994
17046235
17067496
17275693
17230266
16939240
17201067
17574634
17666764
17767723
17755422
17806469
17947718
18021502
18088486
18155581
17005754
17948368
18096174
18183492
16903963
17541360
18272749
18699078
18300692
18856027
19094314
19229802
18767898
19077389
19253412
19439376
19550097
19562472
19778496
19809013
19959811
19948572
20015086
19353054
18563913
20419953
20694643
20075862
20304045
20438732
20351458
20301997
20992603
20887714
21250713
21303015
20593398
21025988
21380269
21259012
20997179
21524375
21677191
21557075
21937525
22041253
22047474
20217331
22198040
21149377
22044476
22082906
22446907
22556323
20461621
17390493
21310007
22256820
22009845
22349300
22343894
23215087
23588430
23306454
23265729
22851591
24001163
23655862
22994446
23484195
23876528
24257824
23662445
22290133
24325782
23254363
23975300
23696175
23747491
22737858
23505075
23328728
23092329
22947147
23294633
22397487
23723603
22974046
23425462
22950253
23399412
24199633
25364112
24769093
19713960
20347238
18640178
20365594
25223209
25591803
25459088
25584962
25756244
25413623
24374983
24020405
23939953
23611450
23916259
23021837
23543374
23466885
23164541
23183287
23408126
23608298
23550329
23689048
23838887
23238415
23899394
23087324
23281347
23459076
23379258
23322401
23427364
23424235
23397854
23899754
22845867
22397582
23104164
22979877
23100556
25613280
25559921
25574350
25975626
25513911
24170996
24974466
25597807
24324854
23508320
24491361
24630836
25183166
24640366
25004776
25382934
24823945
24764922
24749696
23563875
24483426
24371933
24077118
24393580
24699777
24250558
24525674
24699361
24623644
24237080
24164753
24798792
24325570
23434065
23611106
24978074
23890207
17455670
21461338
23606989
24368538
23502044
24385059
24326814
24236838
24581091
24623244
24766556
24357995
23892212
24303002
23614195
23275354
24072047
22150410
25234758
25742701
23471962
23091038
23810903
23375306
25428744
23023527
22652362
22789905
22441998
26213454
25582277
25745548
24288428
25687139
25524396
25567415
25109324
26049296
25508737
25028472
23999872
20390859
25653884
25749500
25290913
25322868
24995712
24872233
24913184
25605372
24789953
25627196
25649740
25639287
25183452
26514680
25407677
25588894
25785920
25699811
24646796
25507015
25647462
26020926
25721655
25369326
25606738
25608999
25938992
25837312
25884959
24874414
26117508
26008987
25840278
25701948
25825041
25646596
26092324
26485562
25361953
24428574
25931672
25166381
25771588
25747245
26359280
25901126
26229769
26162752
26583642
25233940
24441223
22533166
24683721
