30906
31693
33851
32241
31632
34013
31206
33974
31774
32110
30504
32694
31758
31482
30896
30116
34466
33662
32110
31053
33959
31967
30276
34314
31627
31343
34013
32682
33371
33539
30989
31462
34093
31874
33359
32409
31189
32730
30576
34136
31430
32824
31212
34269
31584
31788
35370
31961
33896
32131
33353
34118
33175
31071
34467
32535
32225
34622
31549
32015
34253
32305
31993
32407
32483
33552
33293
29890
33322
33958
30443
33208
33798
31515
33330
35650
31054
30117
30091
33727
29874
30002
37270
31662
35210
31973
33918
32460
30750
34364
30501
33156
33133
31241
33244
34253
29666
35830
32889
30591
37922
35232
35216
34056
36245
34099
36346
32550
36395
36010
37769
25762
40787
32344
31475
41457
36378
38043
38540
34741
33081
41720
30349
38823
34544
32531
39392
37342
40194
33477
39929
34994
44122
33372
32429
38380
42411
36686
42937
37054
42206
39341
33646
38548
31802
35669
31345
35828
39275
32353
41908
39911
33522
36954
42599
45662
29905
33709
51760
28470
37327
95131
47981
43354
59533
70635
39447
28117
55237
56068
34800
30673
27451
30514
26053
31599
39006
