436110
741870
1041338
1341262
1642257
1946655
2140455
2165809
2298584
2597061
2894678
3195272
3499334
3815318
4105753
4283162
4285296
4456132
4761724
5070293
5347465
5651755
5988714
6275509
6433205
6448305
6618271
6936888
7230294
7555684
7830933
8157181
8429166
8498076
8509577
8856361
9138347
9420236
9729579
9995885
10305469
10657938
10644747
10700515
11001967
11297436
11641690
11905422
12195702
12488350
12946965
12856431
12942819
13130610
13465596
13830654
14083269
14393661
14660845
14936058
15045376
14988958
15284192
15615336
15972714
16161066
16496264
16768916
17032718
17006175
17078190
17375039
17625205
17541944
17015221
17640579
18468442
18987392
18980884
18908355
17969843
17587527
20045073
20762432
20308601
21047618
21414351
21502463
21320753
21467725
21876862
22256085
23043208
22976846
23417898
23414769
22709248
23247833
23451284
23507768
23254257
23560713
23566739
23455901
23535222
23506523
23295992
23266020
23232690
23484684
23216096
21358228
24046948
24376283
24124567
24184688
23124819
25027292
25438690
24425473
25594909
25871526
25753075
25756425
25638882
25873909
25743494
25767282
25382582
25971320
25873994
25580677
25958882
25628306
25773074
25513236
23806833
24184943
24542092
24944704
24647680
24518511
24782686
24470763
24366204
24106548
23984604
24559014
24188844
23742225
24270457
24283141
24494756
24848307
24600004
24820485
24107483
25079292
25480842
24928592
25119394
24775551
25955492
25564781
25938160
24834224
25818875
26254881
25681818
25193139
25180649
25799589
24870272
22821750
25034014
24241706
25011664
