718360
1221720
1739867
2230041
2726861
3227967
3560599
3591289
3796788
4301417
4818574
5334682
5820715
6316816
6872076
7095445
7165772
7421788
7916720
8476802
8930155
9467769
10062880
10461747
10776750
10702180
11051241
11459354
12093048
12541567
13087195
13515651
14042747
14140612
14250423
14691415
15221665
15703322
16157217
16699054
17145659
17714961
17716977
17732199
17672099
17189979
18100804
17622307
17458710
18922209
20980045
21445052
21621236
21523069
22305370
22811746
23469237
23924212
24240361
24695478
24452138
24284582
23865847
24298556
24529649
24645804
24648134
24915422
25291351
25082029
24338958
24259751
25241653
26264009
23660812
24820445
24860211
24528032
24566352
24376300
24029323
24801313
23507455
24928357
25794622
24885487
25623535
25753805
25973637
25982554
25464790
25344370
25631900
25029432
24957700
24242020
24536751
24884104
25448697
24669757
24230832
23635324
25508790
25182497
23771458
23684825
25127680
25375104
25139281
24862025
24605492
25047237
23639677
23832480
23027059
25010448
23809912
22667661
19582804
26308706
26135353
23492795
25530678
25429597
25912608
26401358
25903717
26086336
26398514
25358919
24211488
25341094
25656271
24947510
26033542
26517625
26279004
25012226
24134971
24518455
23062798
23735478
25022545
21376190
25091438
24193731
23829285
23636054
22573363
23155754
23899415
23948659
23792672
23446307
24420521
24331662
24034310
23646909
24292085
23746464
22966228
24494434
24403403
24259067
24808701
24407222
24236780
24387447
23190327
23959347
22928012
23811888
21439710
21330619
25593246
25586861
26214130
26162103
25387422
25097465
24220154
24285980
25372408
25947555
26361136
26428399
26273736
26150822
26284392
26127763
24826952
25550986
25776487
25682017
25730300
25667926
23848611
22200815
21541878
24198362
22951659
23244024
26434430
26584977
17870682
2895
1564
240
1962
2035
2244
1152
1827
2248
2696
1498
