50701
52478
50746
49944
52156
50384
50296
52399
51304
49342
54205
50747
49842
53968
50812
48792
54136
53275
50458
51665
51712
51579
52890
51374
52410
52621
49295
51125
53022
49399
51623
53150
49728
50248
49623
52945
49046
52514
51606
51127
49962
52621
50352
52950
49574
49312
55690
49762
50855
62404
58808
51010
50493
53105
53570
50628
53900
50288
52358
53351
49335
49744
55558
55420
61690
53100
57285
53952
51214
56595
54354
55093
61338
51609
48641
61297
56900
47247
63541
59387
55516
46143
68140
59817
56406
56272
58371
67163
46858
47316
60896
79557
61833
80321
59307
80703
80253
63774
62877
102772
45108
27399
30325
30387
22233
68148
52432
47194
63799
44575
24097
58041
84438
62441
42756
27893
24014
13166
45014
39744
46222
78969
97096
60281
72019
47801
39860
75947
52045
88734
83426
112926
74292
92735
50160
22368
45649
71866
96531
112614
53619
35690
21784
67925
36336
86683
55220
130731
95457
37220
45122
63759
30858
39933
56275
47266
40423
61111
69583
46456
36153
49834
70179
49888
58365
85924
78293
54841
51792
56209
68395
122048
46929
58725
58782
68056
42354
29814
102962
93819
79349
69095
71961
63589
34938
26759
34692
55388
62623
45348
86439
40938
51150
20595
26636
23081
39287
74943
48385
39090
45136
48922
58518
31627
52736
27515
22036
4327
14246
18335
18042
7207
10782
19984
15000
10213
