1053298
1758585
2465064
3159195
3876216
4569788
4996277
5053733
5426399
6104211
6811475
7564814
8187763
8938044
9686084
9966455
10037477
10502502
11176299
11913237
12534721
13283337
14002404
14710345
14972456
15218424
15430048
16333453
17021255
17599013
18283552
19001129
19713764
17178600
16949477
17841690
20421755
21994714
20864337
23304124
24108738
24637299
24171164
24147396
24061745
24222592
24124700
24300048
21280752
24383714
25507894
25534691
25538884
24988195
25665818
25571254
25724573
25701384
25680643
25915144
25870864
24982437
24946406
24394478
24511960
25121071
24585168
20286380
24769421
25240086
25153464
25528589
25363287
25499914
25251606
25037816
22074566
25113733
24611717
25636559
26071179
24645450
24905054
25319824
24728263
25288977
25043204
25911205
25631280
25033489
26631261
26241602
25853944
24438115
24335014
25567746
26277190
26183759
26041184
26035384
25877536
24968033
25425895
23250941
25347855
25550467
25742731
25575904
25029313
25236716
25145070
24535320
22318804
24236189
25330659
25478750
25013813
25419549
23851156
23935078
23917260
24008399
24095715
25031089
25835968
25467274
24518296
23274549
24510304
25520897
25668695
24826213
25914518
25509312
24730820
23686329
24173407
25496389
26267053
26403912
25544831
26513382
25171512
23878356
25275745
25491782
26153672
25993203
26505873
26633573
26617090
25064690
22262558
22662075
25765525
26164595
26910710
26314744
24889307
24387746
22627294
21384446
23461307
24510245
24701645
25012946
25269394
25038930
24176330
21553409
23554150
23983896
24508093
24821626
24746070
23501381
23604285
23099410
23549637
23726972
24158893
24623219
24506754
24958805
24143654
22846329
23760395
24606870
24433206
23467553
23939354
24572488
23908946
24324969
23936384
24077252
24903181
24788736
23875914
25006187
24347162
25635887
18780940
25308608
24914535
25768836
25903632
25251470
24086344
24641758
24674637
24142688
23810840
25200462
25958945
26383268
25355810
25237438
23678191
25775782
26457557
25533711
25381115
25496140
25950335
26434767
26022529
25559387
24834020
291598
1781
1416
