71883
69325
71656
71014
70159
71947
70607
71265
71708
70767
70865
72129
70206
72536
71706
68353
70420
73064
68918
70990
71641
70878
71206
71164
71146
72592
68982
71190
69768
70989
72539
69240
68510
67576
67754
85807
69349
71664
67215
76846
70796
71190
69469
72213
72028
73330
80682
71711
62345
93198
77239
88461
89099
70676
78014
74976
77078
88689
80783
79115
92142
83315
81329
63541
69151
82666
114443
96746
90890
104167
93980
59616
45475
118265
103889
76849
59837
58008
92750
98604
49737
58826
93226
46867
58785
56835
129493
71379
80258
56200
54798
53040
56131
97524
94786
81252
126796
68288
73908
43727
87148
88081
90974
195952
72725
46007
51031
41651
40635
22927
66035
72937
80850
47382
55345
18295
19383
38005
29236
44661
35284
39150
26783
51113
61734
26579
56580
144700
106815
86866
51714
38740
43756
35455
46833
87069
91917
63303
57054
48156
28930
18880
38685
125407
69482
101436
85432
72741
25511
46045
24522
28305
40238
91830
47606
33822
25766
29315
39607
34234
33735
60714
65945
58022
21945
36421
17352
25297
33511
58137
109851
59232
40423
22182
34220
5747
13270
48169
83317
63375
19401
19185
8296
9436
31340
72585
59827
47393
31471
31668
19277
25893
23407
25692
66254
33040
38862
75434
58066
37057
65773
38964
159098
163548
55700
7141
33191
7583
16812
48297
29278
25338
65334
23985
51172
34303
48690
56616
66034
27962
16096
16381
27622
78815
50879
30299
38268
74662
77000
73122
22185
33843
