1157273
2064997
2962907
3879539
4809926
5692252
6416500
6500257
6783936
7652640
8577199
9479521
10411730
11266168
12119297
12792810
12672111
12856847
13738862
14795455
15709327
16471581
17238051
17665741
17502469
15254621
16164533
17414306
17901251
17945129
17248176
17679892
18058927
18659448
16641977
16838672
19115034
23998656
25018043
26404024
25465485
25314195
24910044
25377938
23878276
25863970
25895461
25610322
26441274
26135815
25999873
25942156
26010275
25706082
26195813
26188891
25979925
26151148
25415945
25566407
25456917
24297883
25141075
24052814
24234388
24482693
24822751
24758889
24893927
24367605
24551939
24309329
23673387
24033521
24912444
24685703
23878608
25184328
23279657
26136586
26309111
25843592
26015476
25530781
25117887
25238732
24658764
25641317
25704240
24967886
25986992
24744067
26092283
25595571
25155494
25456910
26049724
26150838
26721635
25240283
25232643
25090726
24318507
24104154
26102216
25814191
25579702
24894248
24438879
25742180
23233755
24619139
18907217
21492560
25072392
25271950
23659892
23020875
23394188
23763487
23293037
23624451
21768543
21462479
24390963
25503642
24307606
23377158
24556274
23867510
23167420
25547586
25352792
24842090
24884559
24141675
23906145
24122960
25016636
23108880
25753492
24631027
23699523
21997271
24025407
24216976
25509234
24908387
24980851
24753438
24586563
20819123
18769751
24355598
25697310
26654290
26141436
25811547
23712645
24019851
24880158
21506521
24451110
25548240
26294135
25724998
25195839
24421399
23940596
26070615
24464852
24601599
25698931
26115217
26610621
24131776
23013826
25599578
25852108
24494717
25277758
24709663
24837208
1408541
1776
