89305
88880
88296
88131
89459
90841
89057
89699
90498
89205
89793
90209
92693
91035
88828
91532
74685
79119
91256
89831
84133
92568
88137
83986
19959
152275
172319
88543
61361
33374
46802
64399
23383
60494
66879
123839
73468
104678
91222
87090
95541
95170
82611
101885
91174
93673
84335
96699
96061
94631
103092
95779
106109
105621
89764
116645
74395
69991
137874
125178
169505
128278
93307
46722
86445
37485
61401
64271
103887
87489
69156
83716
66030
72450
113323
74184
63582
119218
75692
93202
118939
85363
51141
71239
51213
106158
139658
61286
60942
87056
107533
103702
110559
109770
136425
78250
52723
51089
99339
99031
113642
96033
155135
120536
91761
53771
60933
71140
141727
132371
164550
132292
79365
56808
35514
64778
43227
68485
161492
65996
124369
81586
65877
28825
80033
43253
59581
47276
68622
44471
35096
8229
17359
17273
38303
106666
100102
61354
57746
24150
24305
16532
44597
57888
54272
55583
54989
89307
68501
63069
40251
51986
128669
78732
98048
60756
37615
67487
139931
143289
120301
93922
110496
34545
27061
20486
26318
21538
108743
100954
83700
46686
31867
47375
15156
129533
161042
66909
47773
31043
49370
31377
15813
22143
9654
