293066
292449
294519
292009
293013
296532
294368
293779
293815
293024
298699
296991
289804
287561
303416
300495
294773
291656
316288
291827
286492
320504
328424
288912
390918
299388
382845
206807
294462
243933
363780
459030
328225
331081
496196
335747
579233
469308
356198
257392
470547
414874
290339
379338
446746
262327
290349
532044
526521
410746
480011
452008
392805
417522
581878
512670
680406
611405
694356
464617
459224
610163
530794
485990
517644
579311
372609
22684
215789
378646
768567
783763
668276
439175
539811
641383
411513
392191
543967
501577
428824
364298
636923
750544
766568
422931
540600
503852
564595
323298
423028
627898
460344
582160
552953
474287
288253
415102
524116
436853
413761
369752
337186
358848
302460
364379
424425
414721
414582
287589
410298
413281
390362
275206
414627
319318
355829
327799
459963
337180
367974
323352
343732
313207
311420
355888
411326
249536
270419
222706
258534
180348
216930
279555
408208
382507
356732
305121
387004
430948
505581
399037
582252
423555
489600
394027
381471
248257
283466
262062
267175
175144
335699
174174
248357
190583
299496
207557
274340
184522
152861
