11.0
14.0
16.0
15.0
13.0
19.0
17.0
21.0
21.0
16.0
15.0
18.0
15.0
20.0
23.0
11.0
14.0
11.0
13.0
13.0
15.0
21.0
16.0
17.0
10.0
11.0
12.0
10.0
23.0
12.0
21.0
20.0
10.0
10.0
13.0
10.0
13.0
18.0
9.0
5.0
16.0
10.0
8.0
8.0
11.0
6.0
5.0
17.0
10.0
7.0
10.0
12.0
10.0
9.0
8.0
8.0
16.0
10.0
15.0
7.0
8.0
9.0
10.0
11.0
8.0
17.0
8.0
9.0
14.0
5.0
11.0
15.0
10.0
8.0
12.0
18.0
7.0
6.0
10.0
12.0
6.0
8.0
13.0
13.0
14.0
9.0
6.0
9.0
15.0
8.0
9.0
10.0
10.0
11.0
8.0
6.0
11.0
8.0
8.0
10.0
7.0
10.0
6.0
6.0
8.0
6.0
8.0
10.0
11.0
6.0
8.0
7.0
8.0
9.0
8.0
8.0
11.0
8.0
7.0
9.0
11.0
10.0
7.0
10.0
8.0
11.0
10.0
4.0
10.0
7.0
6.0
10.0
8.0
6.0
12.0
8.0
7.0
9.0
6.0
13.0
10.0
8.0
15.0
18.0
14.0
7.0
5.0
10.0
7.0
19.0
7.0
6.0
7.0
4.0
6.0
6.0
8.0
9.0
7.0
6.0
7.0
