3942156
6992569
10002195
13080034
16034048
19196623
21489356
21811216
22673289
25632448
28909053
31766026
34880427
35475980
40472092
41281185
42416026
42963811
45775361
46438841
46456866
44660460
42125618
38611290
49704446
39845105
51341545
42288306
42613964
36063364
41468197
32701969
33883272
38879274
40868898
33547663
57372409
48631422
47719392
22411039
56651788
33299625
22933219
35398976
40954949
23902474
28345987
55175909
33104350
30463340
33795715
37417413
37165640
32450542
43110245
37279162
44990428
37581553
48002171
39930903
25800470
48141265
38169338
43313506
32724133
48502347
34610564
32327609
46902256
32991106
45722639
55669681
49509759
39072380
38239134
52536277
19155125
30918115
39588693
37332339
30701311
33746015
42949450
46007980
36427841
33380825
39777484
35449512
42293547
41783168
40609568
36580179
37325361
35259977
58601314
18839916
18104958
43294214
30783680
42951252
39095041
36812101
38043402
42264256
45463520
44098750
42280594
38066116
38429511
38790304
38399205
37859253
44654985
46650039
44842485
42305949
37430936
37250406
38718027
34959855
38819378
38891644
43740307
43037840
49385501
40725746
42957741
38751178
41913239
34325612
43063660
26895851
35513260
40099369
33981455
43200627
28117333
34825161
33929291
62858472
48295749
46554385
42606461
44866774
50933005
56137468
41601118
25259912
25901243
25357414
23925608
25422409
25990221
26116630
25803128
25068348
25041618
25436607
25054304
23996274
24885936
