150722
148849
147854
146994
148101
148648
150428
148586
151015
146803
149168
150148
147152
149700
137900
127427
147904
148933
142981
153009
136285
156622
154559
161839
158927
132830
160728
171745
140934
172459
237901
186112
163962
176235
184053
155990
85458
194091
160453
142795
154225
175143
166482
68716
116024
64800
62551
54711
44171
135795
218695
97664
75157
73803
137278
135877
103914
132582
136649
89417
39919
33523
93628
67985
84476
91723
120672
88691
79503
57793
67741
51615
144404
161668
127673
174081
105403
104949
69888
60484
141501
225342
199949
264225
287196
166447
60420
206121
73049
160255
124096
71926
102483
139010
97204
86655
121013
241664
158467
108676
95279
29054
29619
48322
67145
85508
82101
139225
46969
89808
51689
40388
167667
168924
155650
135773
70759
48400
24279
58346
17356
96823
144268
147373
50706
55496
31716
28458
101675
64372
108343
81693
68693
29428
29699
34388
34359
41801
31592
76920
79972
61980
45169
44055
43074
24766
24445
47886
50631
53454
14183
53083
71153
27232
61345
61024
35823
21895
58299
66700
13761
55413
43620
58278
25965
89897
55826
55474
