2152540
3663242
5180121
6698448
8246321
9715400
10728086
10799228
11525362
13045521
14477476
15943618
17462968
19047726
20305765
20853207
21000265
21913598
23087186
25094520
25378314
25715960
25792383
25684489
25301800
24299984
24485916
23902562
24439751
23214537
23894723
24263031
24827204
24803318
25535143
25977578
25612922
24583063
25508525
25848682
25155318
24771816
25155641
25867242
25126606
22511575
22006664
25355058
24829802
23588685
23334094
26130970
25992901
25578720
23504220
24464570
26372026
25508415
23759983
25412900
26031842
21680726
25095213
24095537
22466418
25274477
25263862
23836130
24499426
24952021
24453950
23927445
22974992
23210683
24080770
23819800
23768503
23100278
24011335
24284461
24409115
25426951
25565265
23638414
25130176
26037225
25765447
25143240
25240505
23358842
24932880
26326012
24719888
24379309
26091321
25861503
24045785
25199110
25502974
25332271
26206894
26214949
25182764
24037231
24362822
22659733
24564854
25582547
25818280
25035471
24360659
24051186
23544085
22888466
23090285
23752835
25078794
24345784
24907244
23923361
23691926
23482662
23914321
24435142
23450350
24350330
24623390
24193976
24601496
24235073
22599197
22850948
23489200
23981773
25604364
23021681
23921860
24067287
23600648
23050148
24966945
24630202
24795712
24112277
24174980
23361446
23129803
22944953
24608117
24754331
23121384
23629349
22657048
23212617
23715297
23040307
23878987
25891975
24514671
24142223
23531118
24167256
24749776
23872565
23283370
22327670
5457
1568
