15.0
18.0
26.0
21.0
18.0
27.0
24.0
22.0
19.0
24.0
20.0
18.0
18.0
13.0
22.0
21.0
22.0
23.0
17.0
14.0
20.0
21.0
13.0
10.0
11.0
20.0
20.0
12.0
11.0
14.0
12.0
11.0
8.0
11.0
19.0
11.0
13.0
20.0
10.0
10.0
10.0
10.0
14.0
15.0
23.0
11.0
12.0
13.0
11.0
14.0
13.0
15.0
23.0
16.0
15.0
12.0
21.0
13.0
13.0
13.0
8.0
9.0
9.0
7.0
10.0
11.0
9.0
19.0
11.0
8.0
16.0
22.0
9.0
13.0
8.0
9.0
11.0
6.0
9.0
10.0
6.0
21.0
18.0
12.0
16.0
7.0
19.0
10.0
9.0
13.0
16.0
10.0
13.0
12.0
6.0
8.0
8.0
9.0
9.0
12.0
16.0
9.0
7.0
10.0
15.0
6.0
6.0
8.0
12.0
10.0
7.0
12.0
14.0
8.0
17.0
8.0
9.0
8.0
8.0
11.0
12.0
18.0
15.0
10.0
14.0
11.0
8.0
10.0
13.0
7.0
12.0
6.0
10.0
8.0
10.0
