6575861
11178090
15923380
19832778
25143737
28970539
31743325
32128615
34428528
39230983
43449054
43627153
45682158
46322736
49710305
42079149
52986929
54339756
53017425
52041630
56342303
44454871
38072274
46600167
29846052
39364092
42634249
38251184
21523047
41559855
21678576
58004867
28618630
26119408
36771379
14835745
24201774
34988982
33773326
37158005
36453288
42467085
41185715
41982086
48161941
41183111
40965990
45153044
50357489
58755574
50757364
53823158
65591311
59759184
59082888
40049137
58085249
52009913
52101580
44735693
38889613
45053302
33136297
30051783
38259640
29582034
32721468
49753022
33662524
28057422
44598457
47455156
35446454
33622430
26956471
34393717
41190839
32915102
46585640
54820749
42719136
46781949
53516166
36855310
60033910
38303355
37294073
51081028
33385854
33671143
33720556
38893546
37742178
34695828
38184910
39448701
44593747
35545322
41010576
39686262
46106136
49356608
52737046
28956358
46677626
27310279
27307195
24795601
58013233
52524986
62786434
61593327
50894839
47650125
49129565
40009249
39182870
41800018
47930060
41418228
39324890
49733854
39629287
42815690
43940933
47296916
51548523
55306751
52688566
57499148
58098268
59040514
56419834
57240683
58023574
