436291
441718
438208
440236
435634
431455
457671
441950
439510
441149
436358
422211
471082
425568
545236
371202
585402
422175
381666
411507
523525
454592
376864
666710
513575
749566
739158
583675
377890
749718
465156
636649
454477
432348
783798
612530
559521
655004
528075
550144
666031
571879
616816
739083
1120283
785350
775379
886592
820415
660015
871097
820854
808684
746460
853610
547355
827118
622892
582310
559174
441826
525639
384616
399823
363606
417323
3432
42
42
42
90398
816825
529786
713032
495850
623556
556108
449665
610233
605028
401154
649046
894839
767694
595126
556206
474574
474400
433004
539686
560312
538995
363119
701838
643633
556501
456937
466776
670640
598333
709420
703905
520645
369161
585789
539298
507943
336442
632079
601576
464607
503844
589018
432958
439561
397215
391336
476849
407513
610191
528354
592595
498308
462060
485438
574783
309226
534454
367698
442946
267148
291434
244006
364416
241831
