4359358
7381735
10390208
13318476
16395175
18930793
21246940
21090659
22268472
24290334
24349593
25211476
25170336
24317200
24427801
23156587
22622423
22104739
24005937
24501677
24433804
23573695
21886587
23831325
23950167
22657773
23975671
24298335
24441766
24999223
24967008
23628365
24706399
23094154
21081500
23163440
22820699
23346473
24489092
24628126
24493390
24879524
23945354
24800316
24162009
24575768
24185914
24809160
24023367
24498619
23617821
23933020
25747411
25200471
25404881
25068409
26119199
25241692
25240701
25078047
24819486
24630526
25194541
24544512
26438205
26100257
25643347
24723905
23784027
25152239
24240676
25115892
24313781
24425495
25935522
25637641
24843561
23849640
24627999
23065012
25292202
24975165
24048043
24939147
25183570
22877223
23318377
24844033
24887894
24933534
25156527
24487670
23910823
23575708
22574865
24103788
25222491
24811258
25164356
24712014
25671519
24529550
23096464
24061922
25687931
26156969
25569854
25335701
24100520
24489671
25034953
23249650
23373506
25650672
26218832
26124426
25960320
24754992
23686076
24178140
23781962
26253392
26412102
26015309
25113144
25043511
8672968
