293983
288485
291268
289423
294067
300709
291917
286592
284302
253378
309996
233760
169677
217012
281482
262817
298935
269923
176386
211252
153891
309745
274363
337706
334385
267963
347258
280335
273399
228116
167151
172436
139676
289677
294384
216452
299048
251580
248698
178247
251225
167532
194786
166252
230817
313273
186611
146876
156394
154216
226037
284579
158459
204402
196942
204208
117921
146287
180044
124113
181462
167270
140284
152788
120489
103515
88481
189550
245317
161124
92526
120760
126698
88563
52233
43799
78478
156821
152484
135393
98334
60093
62997
91455
58512
188839
210747
120552
99312
193490
157019
161970
269928
279875
281546
299588
109954
147488
184712
115713
70796
223496
283247
297469
212965
144077
144200
113750
179648
169617
177748
219299
324096
117754
74527
82707
99609
92519
221816
191135
120449
117291
56512
56834
48634
73855
95137
