293996
396244
495176
594733
692072
722566
727800
810969
912620
1019284
1114010
1212862
1312990
1406304
1430500
1445674
1530528
1632840
1732058
1838078
1938284
2040772
2118104
2134148
2164428
2250476
2362812
2453996
2552724
2661854
2761428
2832842
2866296
2892668
2977954
3085882
3171018
3275176
3390232
3484652
3552692
3570568
3600962
3730944
3799710
3895436
4015732
4100704
4217712
4259400
4321506
4322110
4436450
4530328
4625066
4752746
4822408
4966746
4985516
4992634
5058276
5146250
5260250
5351516
5552340
5545964
5694644
5690216
5711526
5774310
5877378
5984850
6086850
6168482
6275636
6346524
6380750
6480880
6469850
6592426
6710806
6803710
6948686
7018288
7085558
7114778
7162316
7236850
7277258
7465380
7587858
7618794
7777440
7798280
7888636
7806328
7995147
8083000
8190436
8299812
8363694
8520884
8601926
8489150
8597146
8768646
8807416
8899446
8994084
8972870
9221334
9253120
9236056
9255370
9347352
9535384
9597898
9695620
9774114
9972910
9953154
9960188
10015012
10129110
10225962
10416822
10382906
10508502
10596388
10645404
10640820
10737184
10824170
10909194
11038320
11143724
11279054
11262400
11407414
11335030
11431156
11470766
11549740
11616058
12052664
11931352
11976948
12059758
12133806
11929602
12002332
12326882
12533248
12651916
12695334
12614798
12995148
13120020
12860336
12665776
12961964
13372286
13381754
13272436
13234804
13417726
13662946
13685160
13444728
13661292
14079482
14285160
14404398
14081632
14081126
14332820
14259112
13723208
14437944
14684744
14460640
15017326
14739894
14845834
15231244
15255502
14909142
15273446
15075112
15283328
15418382
15415290
15448244
16225224
16006490
15990918
16007598
16033190
16154462
16199486
15965460
16338064
16630638
16439750
16663016
16834390
16495322
16771972
16694738
16585282
17165966
16977250
16680838
16388356
15927026
16417576
15954850
17103780
16690712
17412182
18986496
18184360
18314442
16498920
16541792
17149004
16954844
17334016
18924364
18421648
19323864
19617930
17181374
16982426
18290980
17320950
18166214
19351052
19837762
20145176
19636930
16637942
16933528
19073226
17994780
18729901
19857334
19618609
20191665
20501505
17341035
17767833
18486597
19286028
21171841
21620943
19203441
18079930
17871116
19412264
19666116
19392978
20190914
21786484
21230194
22942084
18706563
18002378
18231686
20088068
20968831
21403559
20933479
22204938
19958452
16939446
15349249
16380392
19455300
22278107
20163560
19582586
18070118
19057918
21033320
17248613
17309552
19245578
18255702
20658114
22221702
23513876
22102490
