8.0
9.0
11.0
12.0
13.0
13.0
15.0
15.0
18.0
19.0
19.0
20.0
22.0
25.0
23.0
25.0
25.0
27.0
30.0
28.0
32.0
36.0
35.0
30.0
32.0
36.0
46.0
46.0
47.0
48.0
51.0
49.0
53.0
54.0
58.0
59.0
59.0
57.0
60.0
61.0
65.0
57.0
56.0
66.0
71.0
64.0
71.0
69.0
78.0
77.0
71.0
72.0
73.0
69.0
73.0
74.0
78.0
82.0
80.0
70.0
83.0
84.0
86.0
89.0
86.0
86.0
81.0
87.0
80.0
86.0
83.0
91.0
93.0
88.0
80.0
87.0
89.0
89.0
92.0
90.0
93.0
90.0
87.0
90.0
92.0
93.0
95.0
91.0
95.0
92.0
98.0
100.0
93.0
98.0
91.0
89.0
101.0
96.0
99.0
99.0
94.0
105.0
106.0
103.0
100.0
103.0
103.0
100.0
102.0
106.0
105.0
109.0
100.0
99.0
107.0
98.0
95.0
99.0
100.0
107.0
101.0
103.0
104.0
115.0
104.0
104.0
106.0
101.0
105.0
110.0
106.0
113.0
111.0
104.0
104.0
118.0
109.0
102.0
117.0
108.0
124.0
121.0
120.0
114.0
113.0
127.0
125.0
109.0
114.0
130.0
129.0
124.0
122.0
122.0
122.0
126.0
119.0
122.0
118.0
127.0
119.0
120.0
125.0
123.0
129.0
120.0
117.0
116.0
116.0
122.0
122.0
129.0
127.0
136.0
121.0
120.0
124.0
131.0
127.0
137.0
139.0
129.0
129.0
126.0
132.0
130.0
135.0
136.0
141.0
129.0
133.0
135.0
132.0
136.0
141.0
135.0
128.0
132.0
139.0
138.0
136.0
139.0
133.0
137.0
131.0
131.0
143.0
136.0
145.0
138.0
145.0
140.0
140.0
146.0
144.0
137.0
141.0
146.0
138.0
110.0
132.0
144.0
142.0
143.0
143.0
134.0
135.0
126.0
139.0
139.0
145.0
145.0
141.0
131.0
116.0
111.0
113.0
116.0
136.0
145.0
142.0
133.0
113.0
139.0
142.0
140.0
148.0
145.0
141.0
143.0
144.0
142.0
148.0
141.0
132.0
148.0
144.0
145.0
142.0
144.0
143.0
133.0
145.0
145.0
146.0
140.0
137.0
136.0
138.0
143.0
145.0
140.0
140.0
148.0
144.0
139.0
144.0
138.0
145.0
138.0
123.0
130.0
126.0
131.0
146.0
127.0
119.0
142.0
146.0
144.0
140.0
134.0
134.0
