9804
9648
9948
10629
9696
9696
9606
9940
9728
9752
9836
10633
9866
9818
9818
9776
9818
9752
9752
9686
10591
9728
10278
9728
9860
9728
9926
10759
10052
9836
9740
9728
9770
9728
10831
9812
9686
9854
9854
9806
10783
9728
9644
9710
9794
9818
10657
9686
9710
9644
9710
9668
10717
9920
9920
9878
9794
9686
10765
9686
9776
9908
9968
9836
11051
9686
9728
9794
9752
9854
10783
9722
9686
9602
9644
9752
9878
10825
9836
9770
9686
9794
9728
10765
9992
9902
9926
9686
9728
10867
9968
9842
9770
9728
9644
10741
9866
9898
9832
9808
10763
9874
9724
9790
10024
9784
10739
9892
9766
10226
9892
10721
9856
9682
9982
9850
9766
9964
10679
9808
9916
9874
9874
9874
9916
10889
9892
9808
9790
9964
9898
10745
9832
10018
9892
9790
9784
9790
9790
10919
9982
9778
9874
10000
11069
9766
9808
10048
8919
9724
9790
10961
9874
9808
9766
9724
10120
10871
10042
9982
10166
9850
10000
10871
10006
9982
9898
10192
9808
10787
9874
9832
9766
9898
9898
10829
9808
9874
8943
11141
8138
12000
9784
8985
10703
10048
10024
11111
8877
10745
9898
9856
10745
10048
9892
9766
9982
9874
10781
9832
9982
9916
9964
9766
10030
10955
10024
8835
10763
10358
9766
10919
8378
12342
14052
17180
7009
11460
10769
9766
8895
9614
10943
11890
14076
14878
12716
10919
9267
6811
11832
7165
13362
10763
9698
10066
10763
7009
12589
5794
17129
14249
8895
11742
8769
10721
1127
18361
14355
6901
12589
10177
11494
15986
13495
10112
3109
456
46866
12752
10054
10100
5988
12905
10185
5898
13476
9740
11832
7958
8637
6268
14757
42
84
19532
26862
12049
11163
23884
9958
8982
15007
12168
12395
10940
10895
7672
4618
1731
10360
12527
9910
