29541
28518
29641
28710
28878
29615
28668
28902
29573
28884
29807
28626
29597
28638
29897
29699
28668
29663
28668
29765
28734
29991
28710
29657
28818
29531
28518
29747
29747
28710
28800
29731
28992
28992
30097
29502
29208
27172
31863
28860
29779
29887
28085
28842
26956
30037
28169
23352
29821
29058
29250
29845
29040
29929
28758
28974
30037
29190
30073
28950
29887
29148
29947
28908
28890
30037
29166
29929
29284
28908
29064
29821
27040
30624
27088
30016
35175
28325
15767
26564
30860
29834
30726
20870
17620
33178
27334
38446
31687
55537
26131
36270
1899
4666
22738
25728
35053
72402
36985
18642
49096
30647
21909
25418
28053
35496
25388
21821
40150
33591
33349
28869
28227
8655
38311
55377
34120
28550
30556
23739
21241
55464
29369
33717
38327
26993
14719
42734
25817
17250
21229
18288
9226
23973
48300
31086
40290
8243
81030
45304
23472
1426
12128
32923
79518
21855
10308
14514
2983
9865
3630
11500
186730
25030
1815
24585
8655
252
8571
0
58104
81752
9805
4787
4109
84
4025
126
2328
