463332
764366
1069603
1363978
1672730
1973650
2142712
2168202
2328390
2624720
2941026
3243348
3555114
3853076
4170702
4282202
4348436
4493074
4819618
5136030
5412708
5710762
6033758
6360624
6396782
6434618
6774620
7009682
7309634
7598562
7872674
8171265
8453030
8514278
8578696
8860818
9163346
9352056
9635160
10011058
10431912
10609020
10594224
10748136
10990766
11371758
11537628
11590356
12004874
12373362
12628736
12726616
12783160
13110286
13658968
13646796
13884362
14208066
14567200
14775610
14839848
15019080
15370514
15697588
15709316
15900986
16350640
16646112
16937708
17051002
16971620
17536662
17568072
17813254
17884726
17708084
18793500
18184582
18505302
17664652
17654740
18882628
18976592
19089843
19865528
18565663
20055802
17977269
18287965
19121961
20653921
20519071
20938386
18399423
18512099
18433971
16375206
15965024
16404896
20224040
22310321
22587079
24167784
22638791
18845453
22250351
20516475
18726973
23482297
24730685
25273090
24410951
23246465
23097154
21438652
18506910
19375004
20133971
18775806
18060197
22567548
22808091
23293742
17138351
18949038
20709700
22173944
24982369
26115519
26066630
26258360
24104768
21836742
19007408
18816404
23484500
24266298
25291973
23237624
23191130
21525564
21815180
18315118
13180120
17566458
23405954
25715490
26970116
26023736
25857934
24928630
21808234
11458704
17966358
23497526
25047430
26235090
26208042
25079082
24387300
21045962
14730378
16724684
23354362
24911208
21579096
21784518
25223436
21077220
