12.0
16.0
18.0
24.0
27.0
34.0
36.0
39.0
47.0
51.0
56.0
58.0
68.0
67.0
64.0
67.0
69.0
79.0
76.0
77.0
82.0
82.0
85.0
87.0
79.0
91.0
93.0
99.0
103.0
89.0
97.0
90.0
105.0
95.0
105.0
112.0
112.0
118.0
107.0
103.0
118.0
100.0
104.0
114.0
119.0
110.0
119.0
120.0
109.0
107.0
114.0
120.0
115.0
111.0
114.0
125.0
120.0
116.0
119.0
125.0
122.0
123.0
124.0
125.0
123.0
126.0
124.0
128.0
126.0
130.0
124.0
136.0
125.0
107.0
106.0
106.0
142.0
136.0
138.0
107.0
103.0
116.0
104.0
139.0
145.0
141.0
147.0
141.0
145.0
140.0
145.0
139.0
149.0
145.0
143.0
144.0
140.0
140.0
139.0
144.0
136.0
143.0
143.0
139.0
138.0
134.0
146.0
144.0
127.0
133.0
130.0
133.0
136.0
147.0
143.0
137.0
138.0
132.0
136.0
136.0
143.0
146.0
140.0
136.0
125.0
142.0
143.0
140.0
141.0
147.0
142.0
144.0
144.0
140.0
131.0
141.0
140.0
149.0
143.0
148.0
158.0
147.0
135.0
126.0
134.0
146.0
147.0
143.0
147.0
148.0
143.0
137.0
124.0
144.0
145.0
142.0
149.0
151.0
150.0
149.0
130.0
144.0
145.0
146.0
148.0
150.0
148.0
148.0
144.0
