16.0
20.0
26.0
34.0
41.0
48.0
65.0
64.0
70.0
72.0
84.0
86.0
85.0
84.0
92.0
95.0
99.0
93.0
106.0
105.0
98.0
101.0
111.0
104.0
102.0
103.0
109.0
114.0
123.0
119.0
115.0
118.0
117.0
123.0
127.0
119.0
134.0
133.0
139.0
143.0
136.0
133.0
128.0
133.0
128.0
98.0
104.0
107.0
105.0
109.0
124.0
132.0
114.0
112.0
116.0
120.0
130.0
141.0
149.0
144.0
143.0
139.0
147.0
150.0
138.0
134.0
137.0
138.0
136.0
130.0
121.0
137.0
135.0
133.0
145.0
150.0
140.0
141.0
142.0
140.0
144.0
131.0
146.0
143.0
137.0
145.0
135.0
141.0
135.0
143.0
141.0
145.0
149.0
146.0
132.0
135.0
144.0
140.0
144.0
145.0
145.0
145.0
142.0
127.0
139.0
145.0
133.0
147.0
149.0
143.0
143.0
150.0
147.0
138.0
147.0
138.0
140.0
140.0
146.0
143.0
138.0
142.0
134.0
140.0
144.0
149.0
150.0
138.0
146.0
144.0
146.0
153.0
144.0
135.0
135.0
138.0
145.0
147.0
149.0
150.0
147.0
131.0
122.0
142.0
152.0
151.0
149.0
150.0
147.0
144.0
125.0
136.0
145.0
142.0
146.0
145.0
145.0
147.0
141.0
135.0
134.0
149.0
147.0
146.0
151.0
144.0
142.0
135.0
146.0
142.0
138.0
139.0
143.0
151.0
140.0
136.0
148.0
138.0
129.0
132.0
140.0
144.0
141.0
145.0
148.0
134.0
144.0
137.0
140.0
146.0
148.0
143.0
149.0
148.0
137.0
