727828
1228284
1730341
2250380
2734021
3254285
3602325
3587884
3844487
4338943
4810952
5371815
5838657
6334812
6838283
7209011
7206415
7302628
8286929
8522523
8992587
9489137
10026397
10440887
10625270
10719825
11103330
11518821
12094509
12644631
13011414
13489002
13992255
13962467
14482435
14610817
14966284
15237145
15449422
16354986
15767266
16807180
16350591
16727516
17689056
17997817
17670650
17521530
17744467
17983313
18537345
19041213
18879331
17928152
17847730
17410408
18094328
21824336
20646044
19221366
17336768
16847352
17694394
19908588
19376680
21548194
23244864
23321758
23921904
17262158
18665440
18349466
18230397
19445315
20710291
23181593
24110135
24358335
18987288
18816802
22327587
21296381
23571845
22558094
23518400
23412480
21184622
19922557
17576459
20656961
24325583
22042082
21826812
22792655
20938597
23542754
19068511
21442586
23153591
25653133
25899342
25822666
22686890
21774474
21399950
20477042
20141682
19804655
22157199
23487065
22474471
23223942
23166755
20670553
20407255
18790795
23004504
21010084
22718306
21833012
24855586
24050699
21763596
19723514
18712200
21075102
21883538
24388165
23644068
23370942
21417718
19600562
17089268
14293848
17299756
22656096
26087796
24492969
25294556
24040128
23209868
23345944
15784024
17940188
23360272
26810532
27120182
23843106
25423694
24794000
16765760
17285155
23661869
24672259
25987936
25683546
25946946
24854558
21972572
16679698
18151748
26537978
26093022
25336511
23368225
22128082
21510016
19102074
21495152
19645377
22921548
23350906
24293708
24887037
24423168
22980058
19818624
18553164
19091849
21407986
24949986
25890808
26456177
26455116
26337696
25655430
22893696
20422987
20102239
22409173
23454522
24666083
22771182
23090172
19814207
