47985
48211
47324
48351
47770
47881
48267
48351
48525
48435
47624
48417
47540
48417
48399
48375
47456
46531
51260
48879
49011
48849
48843
48909
47790
48825
47892
49107
47271
44004
48849
47832
48717
48759
48981
48783
46983
27084
59913
46038
27945
69531
52650
44986
52464
48873
54156
42687
51282
55131
49965
62745
47526
44391
49845
67908
50655
68505
23085
26109
34821
73113
29154
10167
41622
142476
57492
60771
43701
36588
67101
43971
52575
57231
45258
44127
61764
73443
72108
73704
66012
76407
31716
42261
92541
24495
22524
107610
111627
11782
29208
63096
33351
9483
228159
116565
13854
35862
58620
19548
16311
84
100722
239262
37929
32622
133818
21618
4896
35628
22791
4572
10743
70209
26241
142905
44445
20532
24249
53880
23169
81363
168840
173043
86043
13329
6729
25443
9621
9579
4572
9579
18228
83904
70581
64020
29859
16314
13548
11304
25684
183222
111570
35850
7638
4698
3627
5091
20955
14937
190470
107082
34824
23226
32928
1164
5934
18780
88416
181359
89031
10140
25806
20172
14124
14712
105948
110724
40686
81183
72195
52299
32061
3366
30939
55422
22530
5523
202620
83280
114510
35817
34167
4530
645
24256
29526
141897
2832
3840
729
42
603
42
51792
