985815
1701699
2405508
3112324
3829875
4552113
5049273
5063925
5324337
6066504
6790408
7462506
8221869
8975731
9590659
9991039
10083564
10442224
11089507
11762811
12529894
13017800
14270972
13954594
13991938
13703695
15051535
15699541
16542224
17136499
17576198
17932408
18003353
17977612
18311015
18330450
19521371
20186513
21065570
22370745
23208000
22781719
21904514
21381218
20775736
23032204
22972508
22270950
23199502
23768437
25065229
23466687
21373465
23394138
24685692
24563000
25098297
25068901
25208109
24773240
22813583
22641212
21650518
21770954
22168258
22977395
23063777
21323338
19496950
23376528
24566372
20451778
18853872
18924797
18072466
17543357
21800388
24945897
25983875
26310758
25633997
24411737
25558611
20228235
19044416
21857545
24020523
23574123
22608652
23981372
23482060
24490461
23281239
22541440
23413907
25831415
22762454
25678040
25169013
24644490
24662099
24154426
19694285
21064738
19892484
23497218
22806756
24171738
19734756
19944609
22995228
25314082
19523472
16259142
17876114
27019562
26554668
23748822
22802443
27078018
27037842
23760178
19399904
18864400
23234432
24206784
20820468
22027283
22371164
25246977
24139680
23078188
23553411
24303600
23730982
26845220
23949271
25960765
25181130
25334257
23672007
19514330
19211829
20413569
17394386
17095026
20673890
19366908
25312738
25160834
25499438
25954093
25491310
24292504
24382056
20316973
21616206
24001801
24481548
22943760
22133964
23350284
21033517
17457821
22846530
24031450
23326257
24622696
25296494
25937062
24998974
19921437
17610084
17025850
23894205
23309783
24209012
22986442
23348552
23110186
23411249
18199596
22682085
21388594
22127169
20462637
24769534
24265979
21945513
19362505
21179785
19594386
18588459
19128397
22807399
23638882
24376291
25223191
25666522
25628142
24762592
20682599
19694666
19636260
19808174
22045129
23942032
21472086
20629481
21199248
23737041
23981902
25414796
24070638
23846499
25639164
25485081
24439657
20653206
19733274
