20.0
31.0
45.0
53.0
59.0
70.0
75.0
76.0
82.0
81.0
95.0
93.0
101.0
100.0
108.0
101.0
98.0
105.0
116.0
117.0
124.0
129.0
127.0
132.0
118.0
136.0
136.0
131.0
130.0
126.0
107.0
99.0
103.0
101.0
105.0
108.0
136.0
140.0
128.0
140.0
136.0
138.0
143.0
145.0
129.0
138.0
142.0
141.0
140.0
141.0
134.0
143.0
131.0
141.0
131.0
143.0
141.0
144.0
141.0
142.0
132.0
147.0
133.0
143.0
140.0
149.0
147.0
143.0
136.0
144.0
139.0
141.0
142.0
146.0
142.0
140.0
134.0
135.0
144.0
141.0
138.0
143.0
137.0
140.0
136.0
139.0
135.0
136.0
147.0
142.0
141.0
139.0
133.0
147.0
134.0
141.0
138.0
142.0
141.0
148.0
140.0
143.0
132.0
139.0
141.0
132.0
146.0
138.0
147.0
141.0
145.0
133.0
139.0
137.0
134.0
145.0
147.0
137.0
134.0
144.0
145.0
138.0
139.0
136.0
138.0
146.0
130.0
131.0
131.0
136.0
139.0
140.0
132.0
138.0
139.0
144.0
143.0
136.0
147.0
135.0
128.0
135.0
143.0
147.0
143.0
133.0
144.0
132.0
146.0
137.0
139.0
144.0
139.0
137.0
136.0
132.0
143.0
143.0
149.0
147.0
148.0
148.0
148.0
141.0
142.0
150.0
139.0
146.0
146.0
150.0
146.0
136.0
139.0
142.0
148.0
144.0
146.0
145.0
145.0
151.0
146.0
145.0
140.0
133.0
137.0
146.0
149.0
142.0
147.0
143.0
143.0
144.0
141.0
136.0
139.0
138.0
140.0
144.0
147.0
144.0
147.0
142.0
142.0
144.0
140.0
139.0
148.0
144.0
143.0
138.0
137.0
131.0
142.0
141.0
146.0
144.0
144.0
143.0
133.0
139.0
