67399
68255
68802
67835
68297
68231
68652
67769
67835
67991
67727
67751
68634
68763
69336
67380
68445
68337
68931
67530
68793
67404
70317
53676
91470
74151
62100
66993
69621
62208
63858
67383
72150
76470
71742
64020
79110
45433
134925
66354
64191
48708
40869
39252
169857
73326
83541
90795
56979
62007
144366
53436
135969
43401
101208
34770
45390
50535
90816
71076
146637
55044
94872
80793
60180
29301
31626
79845
144705
63294
20652
32358
51129
56088
52446
85380
103473
117759
58782
41820
63523
124191
174105
101643
127026
93441
94983
121662
87339
100527
62421
93336
133578
7158
81300
60837
86130
16104
42705
13056
65775
20217
172755
106803
12618
80415
26028
12054
1758
89064
52014
95079
75180
62994
188097
63900
21036
99222
166383
54594
49512
52869
49602
34458
22080
33402
123078
201561
206887
66366
30102
45297
67431
85044
80820
30060
74715
65118
9714
50556
139938
64422
45918
48108
5082
128400
55854
65607
22038
40809
27576
9234
111636
41946
11193
98025
7854
13764
7296
1170
5118
84
39156
71316
48645
14592
21222
56988
18300
4098
3126
252141
79563
31905
5724
63231
24378
12346
17577
3678
8253
88389
90453
184824
70392
70710
900
68496
336
28242
65238
36264
41895
116055
52194
72909
17799
75237
18174
3954
4680
23496
7986
16380
6186
50064
19302
22080
168
122622
68484
107727
54762
41544
4947
26667
35313
13020
132999
126858
