1341603
2234768
3163106
4060045
4991780
5919350
6437081
6507873
6938371
7800277
8751671
9591286
10475540
11206602
12121084
12515443
12574195
13120990
13806138
14710414
15817161
16596742
16653086
17136661
17270716
16844760
17621760
18219298
18374066
19267685
20997566
21320995
20882759
20673729
17135105
21940027
21887254
23444780
23421715
25429452
24332662
23250711
20880618
21770156
19975366
19046222
18811716
20385617
22613512
24841367
24047547
22965284
26138803
23091642
22018736
18711012
16331867
16774792
17375547
16914931
21300142
26761350
25717062
26293596
23191896
21631816
17229441
16094528
17166457
25154909
27160308
27656874
27303192
25959612
24590459
15540031
18919675
22866648
25958951
27118917
26824324
25504142
27139562
20431594
17011778
23249890
24122137
26228524
26228012
22774245
21725732
22500208
21123968
21463961
17115445
23526903
24767442
25772628
23354478
23737141
20590736
18215314
13300469
18864512
23306407
23606436
25610753
24770088
24984120
24534888
22571197
21173916
20488649
16446493
23760521
24893202
26173846
25506552
22289618
22794968
24409674
20619817
21973164
17261329
19113064
25476864
23444442
25642680
21712488
20456089
17027638
21422245
25678065
26218508
26258462
24968244
25836426
22410406
18222946
15615564
21201300
24392065
26629246
25498032
26558490
26843325
26155200
