88072
85770
87674
86599
86659
87590
87656
86857
86659
86701
87297
87459
84366
83478
81012
86388
89283
87327
68451
83541
86670
77100
83988
96918
110757
98139
113335
93456
94344
105714
67467
49800
79542
80877
90687
81975
117990
71808
104790
107994
26103
21000
291303
141546
40635
78180
81915
40197
138042
148002
97014
91971
32103
35574
34536
134766
120600
132048
31668
233016
53736
27156
16398
11322
2820
165711
242937
111975
73383
22954
5202
2424
7938
126
23772
207849
67659
17448
16398
1212
5118
74670
48006
174873
183522
50553
22260
16482
70500
44226
94812
60681
77328
112926
138888
62721
15312
33444
16440
18276
38346
44076
142032
61644
28368
24900
2124
9192
16482
23292
54244
42948
95043
226773
217401
108498
81729
10800
14499
10320
1902
84567
121953
33027
17316
12408
3030
168
1170
93267
140559
111393
148617
110820
36828
71274
858
34176
22785
274122
66645
78279
14352
6330
14748
1284
19881
