24.0
42.0
54.0
63.0
78.0
83.0
86.0
91.0
91.0
100.0
101.0
104.0
116.0
124.0
123.0
113.0
111.0
112.0
121.0
119.0
134.0
137.0
131.0
138.0
138.0
136.0
134.0
121.0
124.0
120.0
140.0
137.0
137.0
138.0
114.0
135.0
129.0
141.0
137.0
132.0
145.0
145.0
125.0
145.0
145.0
140.0
137.0
138.0
130.0
134.0
135.0
138.0
143.0
144.0
147.0
137.0
135.0
141.0
140.0
128.0
144.0
145.0
146.0
146.0
146.0
133.0
129.0
126.0
135.0
145.0
150.0
149.0
149.0
141.0
138.0
133.0
137.0
140.0
146.0
144.0
149.0
136.0
145.0
133.0
134.0
149.0
147.0
152.0
148.0
147.0
145.0
146.0
136.0
147.0
142.0
147.0
144.0
143.0
149.0
138.0
141.0
144.0
134.0
139.0
142.0
148.0
148.0
144.0
149.0
146.0
143.0
148.0
142.0
139.0
128.0
136.0
136.0
152.0
146.0
152.0
141.0
138.0
133.0
146.0
143.0
146.0
140.0
140.0
147.0
134.0
138.0
136.0
134.0
145.0
153.0
142.0
149.0
143.0
137.0
131.0
143.0
139.0
141.0
146.0
145.0
139.0
142.0
