39.0
60.0
79.0
90.0
100.0
102.0
110.0
104.0
117.0
121.0
126.0
130.0
129.0
135.0
128.0
130.0
129.0
142.0
131.0
138.0
138.0
141.0
141.0
140.0
137.0
129.0
135.0
141.0
138.0
145.0
139.0
140.0
125.0
133.0
126.0
141.0
136.0
142.0
141.0
138.0
134.0
142.0
140.0
142.0
123.0
141.0
132.0
144.0
146.0
142.0
128.0
144.0
125.0
134.0
140.0
142.0
143.0
141.0
137.0
134.0
129.0
138.0
138.0
134.0
142.0
142.0
138.0
139.0
138.0
136.0
122.0
135.0
141.0
140.0
147.0
137.0
147.0
138.0
136.0
124.0
137.0
147.0
142.0
145.0
141.0
143.0
140.0
128.0
143.0
135.0
138.0
148.0
144.0
148.0
149.0
139.0
131.0
137.0
139.0
143.0
133.0
142.0
136.0
141.0
141.0
140.0
134.0
135.0
143.0
138.0
140.0
141.0
140.0
135.0
137.0
135.0
133.0
133.0
140.0
145.0
131.0
128.0
135.0
137.0
134.0
143.0
138.0
142.0
136.0
137.0
135.0
135.0
137.0
140.0
149.0
144.0
145.0
136.0
133.0
137.0
143.0
149.0
136.0
144.0
146.0
143.0
142.0
141.0
143.0
137.0
139.0
141.0
144.0
144.0
146.0
143.0
131.0
138.0
139.0
143.0
146.0
144.0
