146404
144806
145779
144722
144722
146122
145335
145662
144306
136455
128748
140256
141183
127530
175647
131016
158565
135024
201864
4366
65160
97434
43455
37374
113019
216366
138072
58926
93117
50841
81084
70902
218247
161061
180237
70698
74472
150663
40650
166512
145425
81159
49032
30162
506928
92403
185940
71316
42510
38451
189195
36507
263124
195123
76587
49800
9588
56931
49737
145887
357822
109740
76224
208302
73572
4596
61560
69309
86346
57721
256011
142521
132354
92988
79632
162255
70761
109578
300975
281898
187422
37074
61518
22038
19635
39468
103701
200241
84645
121503
72966
50271
79776
30144
1860
96273
186099
118347
57951
12054
63411
28854
74466
60081
67008
88857
85155
45414
52050
13053
1506
129825
47982
18079
65556
184356
80172
125724
46953
50712
111756
209574
216702
64596
62883
36222
48546
126
104064
161286
150927
77394
16440
54186
84
18300
6936
127272
242220
113778
52014
14832
58359
22164
22206
36828
24741
11574
648
95130
35022
67032
37350
22038
23541
25626
106251
47466
30207
17712
3552
8628
