2327072
3828288
5402598
6844882
8369646
9937753
10685970
10816007
11569487
12705102
14236021
15599670
16976311
17804562
19701550
19839490
18981469
20166442
21267519
20943936
20530777
20193356
21307610
20689107
20246296
21588328
22581897
24132761
25328349
24098592
22776696
21831589
22040614
22548462
23276931
22804616
26853149
25524199
25909338
22988969
21180438
19789712
18449184
18337663
18488986
25935419
25722954
26441184
26373858
26630344
22744075
24343125
18612345
21024682
25315617
26458530
26531442
26774238
26230043
22936492
20866116
18492456
18874201
23983889
26232497
26227446
24591042
24241179
23507691
19438039
17772835
23990762
25324610
27068011
23056914
24496581
24793532
23644822
20028499
19892676
24429240
25053314
26333580
26449416
27223164
25079685
21269081
16996710
18921188
23788593
24828760
24111656
24669754
24700012
21937991
18946539
18267515
17830809
22404547
24424092
24992362
25700841
24974354
25335837
25218965
21130370
23456673
25236302
23621298
23242657
24724937
24443495
24617573
22197168
24162231
23275609
23311554
23850362
25637285
25714075
24118777
23666293
18447469
25961418
24795525
22271256
22277556
19697479
17074936
15450168
19312319
23260866
24034542
21842436
21977831
23082239
21721308
14082871
13734194
18460916
23291413
24439044
24069148
25409186
25054438
23287782
24009742
20264773
20833664
23446213
23879839
25368906
25560782
25888533
25666770
24536610
22819202
22144155
21085744
22444615
22146596
23280736
