20700
20526
20694
20568
22042
20882
20484
20727
20676
20676
20718
20634
20550
22689
20634
20592
20634
20634
20634
20634
20592
20676
22773
20634
20718
20676
20676
20718
20844
20718
21340
22067
20718
20718
20676
20802
20634
20760
20802
22371
21162
20676
20592
20592
21052
20634
20634
20592
20634
22731
20592
20550
20718
20802
20802
20760
20634
20676
22731
20634
20592
20592
20718
20718
20718
20634
20634
22773
20676
20718
20718
20676
20676
20550
20592
22245
21246
20760
20718
20676
20634
20676
20676
20634
22329
21120
20718
20676
20676
20676
20718
20718
20634
22287
21454
20718
20797
20836
20752
20836
20962
20836
21378
22197
20794
20878
20962
20836
20794
20836
20920
21546
22155
20710
20752
20836
20878
20794
20752
20794
20836
22459
21326
20878
20794
20962
20962
20878
20794
22823
20794
20794
20752
20878
21046
20920
20752
20752
20752
22823
18317
23481
20752
21380
20962
20752
20794
22991
18849
16610
24894
20794
20836
20836
20836
20752
22823
20794
20878
20920
20836
20836
20878
21004
22501
17142
24936
20794
20920
20878
20794
20878
22501
21242
20752
20836
20878
18723
22501
21242
20710
18807
22627
21368
18681
22823
20878
20878
20514
21200
21504
22197
20710
20304
21368
21296
20794
20836
20836
20752
22907
20430
20836
21284
20346
21326
20514
21284
18681
22907
20878
20794
22907
16778
21144
25998
49481
16694
24852
20710
22459
17184
17578
20067
25055
26421
36383
26836
20794
16778
18317
19577
20346
10791
36398
20472
21525
21284
18723
24936
4789
40337
39954
18807
22865
18231
18642
9459
32458
38002
19162
23344
12213
32860
40428
23610
4465
20395
3503
91896
41206
20736
20294
17092
13163
18278
32831
15735
18243
34329
20784
18544
2941
39988
4182
84
168
65505
45023
26887
67023
19222
24185
22575
23878
24761
22885
22806
13659
6179
6799
6211
41688
20784
9106
