20146
20400
20484
20400
22440
20400
20400
20555
20550
20592
20550
20550
20550
22605
20550
20550
20550
20550
20550
20550
20550
20994
22161
20550
20592
20550
20592
20550
20634
20550
22605
20550
20592
20550
20592
20634
20550
20550
20550
22605
20550
20550
20550
20550
20896
20550
20592
20550
21036
22203
20550
20550
20550
20550
20550
20592
20550
21700
21497
20550
20550
20550
20592
20550
20550
20550
21658
21581
20592
20550
20592
20592
20592
20550
20550
22605
20592
20550
20550
20550
20550
20550
20550
20550
22605
20550
20592
20550
20550
20550
20550
20550
20550
22605
20896
20592
20625
20752
20710
20752
20794
20710
22781
20752
20752
20752
20710
20710
20710
20710
20710
22781
20710
20710
20710
20710
20752
20710
20710
20752
21826
20710
21665
20710
20710
20752
20710
20710
20710
22781
20710
20710
20710
20752
20710
20752
20710
22218
20318
21707
19307
22239
20710
21098
20710
20710
20710
22781
18681
16568
24852
20710
20710
20710
20710
20710
22781
20710
20710
20710
20752
20710
20710
21158
21420
17523
24894
20710
20710
20752
20710
20710
22823
20710
20710
20752
21158
18233
21826
21665
20710
18639
22781
20794
18639
22781
20710
20262
20203
21665
21868
21665
20710
19755
21707
21056
20710
20710
20710
20710
22823
19755
20710
21707
19797
21665
19755
21665
19755
21665
20710
20710
22823
16568
20819
23612
51730
16568
24852
20710
21868
17523
17452
25283
19077
25553
36215
27665
20710
16568
18191
19594
20203
9794
37734
20262
21721
20710
18639
24852
4705
39721
40192
18639
22781
17682
23060
5714
31461
37313
19641
23809
11972
31547
41181
23907
4140
18412
2252
94657
41122
21100
19339
17515
14777
15650
32834
15609
19156
33839
20742
17995
3207
39935
3692
0
0
65650
45043
26198
66942
19477
23986
22099
23752
25184
22885
22722
12813
6011
7278
5354
41859
20700
9791
