68918
70072
63578
61692
61734
63705
61650
61650
64051
61734
62758
62597
61650
62758
62597
61650
61650
61650
63705
61650
61692
62758
62597
61650
63705
61692
61650
61650
63705
61692
63705
61650
62109
63288
63085
62130
55917
65148
61161
67452
61014
64285
63246
61014
55917
63246
63169
47633
64201
62130
57988
67430
63085
61175
63085
64243
62130
63246
63085
62130
64201
62560
62130
63288
63127
62130
60059
66272
62130
63246
61682
60507
63085
64327
61738
51442
77141
57092
43046
49648
65995
67846
65315
57283
29156
39608
77103
25438
101189
119973
101388
3770
84115
15255
41836
14283
71960
87406
110533
133698
16926
141190
108603
9110
73461
78462
109408
37829
93203
64890
53202
74376
54596
44062
9008
192670
43023
111011
60183
64974
44631
93436
37736
121733
50012
47794
56352
53659
65461
42052
36583
32885
70162
12625
120152
83812
66871
57210
105844
115473
66705
54137
10373
39422
262385
31414
54583
8893
19823
5487
9571
605
68520
379439
53094
59711
37246
8445
0
8445
0
211293
194708
56041
668
3941
3941
42
3941
150
