61896
61680
63624
61860
61986
63831
61776
61776
64165
61902
61902
63789
61692
61734
63915
61860
61776
61692
63387
62304
61818
62398
63251
61818
63429
62220
61650
61734
63831
61860
63387
62262
62323
62340
64537
62760
56211
64158
63431
65350
62130
64369
63879
60633
56001
62214
64411
47801
64327
62382
58324
66356
64327
61808
62620
64327
62256
62340
64537
62340
63837
62632
62788
62382
60870
65629
60395
66440
62214
63837
60227
62256
62746
62007
64775
51484
77309
57260
43256
47717
68178
68661
63382
60112
26705
41440
77355
25693
100553
120298
99304
5896
84199
16194
41211
14515
71691
87448
111180
134595
15676
141753
109314
9984
72982
77675
110108
38027
93878
65016
53328
74586
54890
48947
8739
188177
43180
111403
56981
68708
43833
94167
36736
122139
50169
47962
56520
53712
66786
41178
36793
36994
67515
11856
120733
83504
54326
69923
107054
116078
69604
49801
10499
40989
245592
52467
49103
10176
21117
5739
7092
3546
50206
394286
56190
60557
36389
8655
252
8571
0
211066
193862
56345
4193
4109
42
4025
168
420
