102424
104532
102342
104472
102552
104430
102342
104472
104514
102510
104598
102426
104472
102426
104430
102342
104430
104430
102457
105288
103310
103226
106862
103756
104884
103630
103310
103352
101248
92874
105288
103184
104800
103672
105288
103226
104968
75974
99053
112314
75379
128211
66402
146373
109849
95576
105453
101840
107526
104846
77606
141530
114345
95218
83972
132947
106206
129439
53699
53497
33506
176010
62482
44229
73829
235178
196566
177899
131028
89752
129022
94725
110668
165374
96426
98059
113945
58149
199485
204017
65746
185989
137845
35700
148030
164439
18639
4572
403744
178897
6701
166235
32664
20490
215401
461116
233369
41933
176959
233305
18597
16311
5133
562989
353564
37839
151699
370000
84642
8065
105453
78432
4572
18100
213910
31653
474019
44891
92468
24249
104872
84563
136206
561135
282214
158201
68973
63615
248548
9621
9579
4572
9997
30046
309499
194455
89625
63571
51839
64458
11304
44840
478411
292287
134407
14173
4572
1767
8321
50089
119673
329859
227033
57217
85318
32790
12426
3198
5904
109462
490092
287422
35957
4488
27573
51801
86215
106931
79806
268093
86621
124842
209730
90976
3812
32331
124650
20883
77920
236449
208923
290082
176364
121483
83561
3969
687
144402
207739
291757
80663
4505
19088
42
603
77824
263390
26058
2833
20869
2959
468
