109218
111840
102342
104346
104472
102342
103403
103243
104346
103403
103285
103403
103285
103403
103243
103403
103285
104388
102815
104716
104211
101989
106273
104051
105162
104211
101989
103100
101038
92790
105204
103100
105204
103100
105162
105204
102149
76280
99126
111683
75124
128340
66204
146205
111297
93960
107027
102648
105282
104372
77954
140930
114093
95050
83888
134394
104507
128926
52667
54748
33812
176041
60852
43290
74474
236640
196019
178247
130512
89458
128854
94557
110921
164844
96241
97762
114537
57305
199920
201683
67309
186901
135994
37215
145370
164210
18555
6732
403324
178897
7049
166047
27032
26367
213031
472294
222668
43013
174070
236026
18513
16269
7293
559668
354462
38033
145672
374908
72748
17331
99092
87700
1683
20156
214449
30447
473332
44765
93074
24555
97495
88883
132186
572476
275760
158658
68015
64878
248495
9422
9537
4488
10140
29022
310182
193420
88767
65647
39080
69153
12342
51446
477766
291813
134503
14131
4488
1683
7718
50005
110045
339953
226949
56499
83616
28504
19074
1164
8163
104161
493851
286090
32465
8976
28050
47706
88894
106597
80716
267841
85892
124800
209604
89728
3251
32850
126207
20799
77317
236407
207507
281580
183450
121393
86372
1725
2805
142605
208631
287683
85150
3902
6972
0
12635
76789
260205
28988
3927
19130
4488
733
