152185
149029
147227
146821
145093
146118
146118
146779
145169
145135
146118
146118
145558
145383
147254
145841
147254
147254
145629
148399
143670
146297
146137
121556
157069
173253
133155
143555
173796
140802
135360
142713
146663
171616
140770
139151
181179
64785
272613
167253
143796
106859
112135
30348
250463
220687
224656
99823
159861
132599
260295
44226
295114
162482
148454
186393
76086
116391
72291
232518
97344
309382
97030
135585
175270
186441
31584
60643
402939
110767
87542
27266
127744
187709
166815
174799
201130
271077
221376
125045
161997
73409
627720
135360
411264
287338
208684
276180
308563
280198
122848
245791
290783
249561
219686
315336
29367
208990
93110
187177
156218
18099
150677
477552
224189
8460
120297
14100
206231
77269
287781
50196
120468
215343
243651
352396
62708
17526
420476
181070
55480
112530
284689
94550
84156
34792
32232
420946
212544
326813
193605
50212
95493
387997
215542
321639
28320
206606
216593
47456
190608
248460
125646
165059
50196
9473
368602
61476
200388
65525
152923
58413
129495
185501
31584
128079
372797
47230
24334
13196
3042
25054
564
42
394512
176405
25496
32156
66810
22797
49906
41990
297396
385857
100670
85450
73790
48654
24858
40057
80678
16774
56369
328634
67680
348981
70500
42507
59826
49711
28681
258172
71840
178761
24608
273833
69110
119729
58893
148846
84282
194669
22011
90283
78586
70262
5076
83372
17369
24252
108908
365851
106611
208633
106711
49847
121257
49030
77880
99057
454832
201401
35834
15860
33866
8610
