147653
147255
146328
146947
146202
146244
146244
146460
144631
146286
146118
146202
145715
145482
147422
145967
147422
145974
146670
147506
145348
146889
145264
124118
155674
173337
133281
143681
173456
141310
136283
142000
146480
169382
142055
138926
183322
64560
275652
164477
144556
107027
111753
31588
248485
221438
226261
100990
166805
125259
259422
45651
293349
164031
150006
184094
77775
114561
72521
232425
100969
306051
99337
134959
173757
188854
29328
61120
403236
118789
79643
42791
113560
186238
167056
174925
201057
276796
216138
134627
153540
72766
629058
136468
411306
287122
206980
279168
307039
280636
121885
246004
291260
248772
220289
317109
27705
209158
93152
195410
150502
24294
142301
482106
219761
12054
117039
25506
194555
78001
291291
51972
116433
214386
243777
351958
61748
19386
420602
182450
55732
111570
285367
95762
82590
34918
34050
419689
221023
318067
206097
57490
87423
376717
206336
338423
30060
203824
215157
46454
188349
247149
129114
164057
48066
9641
356320
76956
197694
74591
147769
54795
129663
186275
41904
124127
366807
47314
24460
14630
2298
24532
126
1254
397958
173997
24356
37400
63420
29721
44380
39818
302886
384921
99626
83320
73832
50994
27804
34040
80617
16858
57181
327300
70668
353661
70146
36033
67368
71396
294
263154
68844
136495
65841
266836
78082
126186
50870
154570
86208
186791
24435
90863
80004
68558
5724
81085
19260
22080
109991
365752
115553
205145
106617
55241
111278
50493
81162
94629
457692
198843
43668
9176
40760
294
