188527
187692
189059
186371
187488
186698
188026
186782
187001
187975
188625
188285
179212
189765
144899
207975
188818
188327
144773
181698
181953
163534
144193
231603
200321
252474
228544
213714
243484
148202
222925
98897
155304
194840
196214
207433
176922
194606
189946
254429
68017
62727
406096
327679
69116
106529
237124
86001
243378
375896
299284
197710
100893
95574
57370
123484
340325
167560
187083
568029
202614
36610
14142
13014
7896
416221
496758
371814
188545
92899
5244
2382
3426
4680
212326
325509
297824
41927
53689
12583
7325
61388
221831
226339
533582
253750
19260
45711
16482
103527
116070
174198
125303
120296
225600
357948
71914
12534
33966
14184
60025
80770
139997
419845
75925
51181
9630
2569
13182
30582
5244
237351
38436
205666
414867
342761
121106
282825
28836
18549
10320
1902
525000
236575
50636
37878
13536
2946
252
1212
358668
393495
219496
309964
58654
150492
71274
252
34740
225543
738379
242016
185348
14310
43894
126
15270
137180
8612
10408
16660
