194007
189620
189336
187278
187404
187278
187278
187278
185220
187362
188537
188734
180127
188275
144265
208357
188734
188734
143774
182122
184308
172039
132207
231985
201219
247429
232408
213714
242965
147554
223489
98855
155529
194380
197070
206858
176555
194045
189169
256037
67327
62581
408978
325171
68216
105755
236170
87225
239868
379154
298807
198050
91154
104946
57766
110040
352080
166993
188554
568352
201882
36526
10152
14664
10152
411441
501569
368276
192040
92209
5076
2256
3384
5076
207566
328305
297622
43235
51391
15319
3377
64803
218903
235602
525923
255229
18654
45627
16356
103359
111870
177936
125135
120086
224576
378314
52110
11844
32712
11844
63283
80080
139913
416159
80007
54397
6768
1273
13578
27072
9024
233235
41736
206104
413670
340166
124928
273153
34956
20679
10152
2256
525000
234841
50594
37878
8460
7938
0
2256
359190
392283
217762
309358
61996
146982
72192
0
36660
225229
738006
241761
185222
12408
45982
0
15228
128350
17248
11436
15952
