324320
320542
311867
312152
311506
313571
314131
315248
304199
293360
282190
310685
290865
269628
400768
267523
338689
196500
477647
57134
130931
202990
131782
87546
243767
484945
364636
160732
128421
170146
169306
155233
472193
227381
559030
166566
208149
301610
40044
151270
697964
173389
76724
107736
1182158
336061
237506
262322
67116
6204
643350
293025
369803
495796
387345
49674
23124
94113
50557
568964
512699
567086
263570
537409
61476
79461
16920
46248
551641
227338
483882
403883
187388
138348
220029
337361
129225
362453
549828
289700
666111
300079
36096
54144
15792
296825
276147
796849
383265
402234
77074
106028
135221
64296
29892
3477
774102
296952
240500
172402
4032
81645
121545
344482
98624
168064
520952
246405
37327
152106
105757
84994
222512
144981
194998
234108
380842
81481
225276
221717
133213
378898
434785
478838
80227
54029
78741
67234
45319
448355
477691
263676
64544
67888
5118
49068
63147
18715
155762
958015
256266
103313
29892
85951
53584
24000
19528
511147
128004
69191
208657
57150
289102
104207
32712
95392
54972
412204
231554
71503
33737
2256
48940
35300
185373
2468
