319046
311460
313068
313026
310968
313609
313842
314580
306865
291861
284505
310247
291471
268275
401935
267817
338433
196741
478646
58990
128625
203032
131515
73056
258818
480646
368062
158785
133449
168007
169359
154952
474659
225209
559594
166086
209232
304121
41820
149576
695665
173122
84260
114458
1160042
347555
234332
262700
71754
1860
646336
289769
371801
494008
388119
49800
23208
97983
52294
563609
512783
514039
332379
527143
62772
74541
18738
43596
534486
248724
479255
404677
187452
140730
217960
341374
125445
366017
546432
293228
674921
293717
36138
48546
22080
293969
283133
789671
382179
395466
84448
104024
140591
59472
30102
3603
779634
297270
244388
163126
12096
75045
128397
343412
91882
180234
508866
246664
36996
153318
108174
84663
225088
148673
186920
234192
393077
80172
214705
223612
132820
377545
434431
479879
80524
53549
79953
66190
44881
449354
480244
261066
65400
66594
6246
48515
63491
18780
155324
958621
258648
104567
26676
91717
49552
27592
14916
490594
148371
79421
207321
49248
292568
105359
30540
93742
54972
427818
222270
64297
34991
3552
47416
38202
184561
378
